  &CONTROL
  calculation = 'bands'
  outdir = './out/'
  prefix = 'aiida'
  pseudo_dir = './pseudo/'
  verbosity = 'high'
/
&SYSTEM
  ecutrho = 550   
  ecutwfc = 55
  ibrav = 2
  a = 5.81153
  nat = 4
  nosym = .false.
  ntyp = 4
  nbnd = 32
  occupations = 'fixed'
  !smearing = 'gaussian'
  degauss = 0.001
 ! nspin = 2
 ! starting_magnetization(3) = 0.5

/ 
&ELECTRONS
  conv_thr = 1.0d-7
  electron_maxstep = 800
  mixing_beta =   4.0000000000d-01
/
ATOMIC_SPECIES
Be     9.012182 Be.pbe-n-rrkjus_psl.1.0.0.UPF
Sc     44.955912 Sc.pbe-spn-rrkjus_psl.1.0.0.UPF
Co     58.933195 Co.pbe-spn-rrkjus_psl.0.3.1.UPF
Si     28.0855 Si.pbe-nl-rrkjus_psl.1.0.0.UPF
ATOMIC_POSITIONS crystal
Be           0.7500000000       0.7500000000       0.7500000000
Sc           0.0000000000       0.0000000000       0.0000000000
Co           0.2500000000       0.2500000000       0.2500000000
Si           0.5000000000       0.5000000000       0.5000000000
K_POINTS crystal
        1000
        0.0000000000    0.0000000000    0.0000000000    1.0
        0.0030303030    0.0000000000    0.0030303030    1.0
        0.0060606061    0.0000000000    0.0060606061    1.0
        0.0090909091    0.0000000000    0.0090909091    1.0
        0.0121212121    0.0000000000    0.0121212121    1.0
        0.0151515152    0.0000000000    0.0151515152    1.0
        0.0181818182    0.0000000000    0.0181818182    1.0
        0.0212121212    0.0000000000    0.0212121212    1.0
        0.0242424242    0.0000000000    0.0242424242    1.0
        0.0272727273    0.0000000000    0.0272727273    1.0
        0.0303030303    0.0000000000    0.0303030303    1.0
        0.0333333333    0.0000000000    0.0333333333    1.0
        0.0363636364    0.0000000000    0.0363636364    1.0
        0.0393939394    0.0000000000    0.0393939394    1.0
        0.0424242424    0.0000000000    0.0424242424    1.0
        0.0454545455    0.0000000000    0.0454545455    1.0
        0.0484848485    0.0000000000    0.0484848485    1.0
        0.0515151515    0.0000000000    0.0515151515    1.0
        0.0545454545    0.0000000000    0.0545454545    1.0
        0.0575757576    0.0000000000    0.0575757576    1.0
        0.0606060606    0.0000000000    0.0606060606    1.0
        0.0636363636    0.0000000000    0.0636363636    1.0
        0.0666666667    0.0000000000    0.0666666667    1.0
        0.0696969697    0.0000000000    0.0696969697    1.0
        0.0727272727    0.0000000000    0.0727272727    1.0
        0.0757575758    0.0000000000    0.0757575758    1.0
        0.0787878788    0.0000000000    0.0787878788    1.0
        0.0818181818    0.0000000000    0.0818181818    1.0
        0.0848484848    0.0000000000    0.0848484848    1.0
        0.0878787879    0.0000000000    0.0878787879    1.0
        0.0909090909    0.0000000000    0.0909090909    1.0
        0.0939393939    0.0000000000    0.0939393939    1.0
        0.0969696970    0.0000000000    0.0969696970    1.0
        0.1000000000    0.0000000000    0.1000000000    1.0
        0.1030303030    0.0000000000    0.1030303030    1.0
        0.1060606061    0.0000000000    0.1060606061    1.0
        0.1090909091    0.0000000000    0.1090909091    1.0
        0.1121212121    0.0000000000    0.1121212121    1.0
        0.1151515152    0.0000000000    0.1151515152    1.0
        0.1181818182    0.0000000000    0.1181818182    1.0
        0.1212121212    0.0000000000    0.1212121212    1.0
        0.1242424242    0.0000000000    0.1242424242    1.0
        0.1272727273    0.0000000000    0.1272727273    1.0
        0.1303030303    0.0000000000    0.1303030303    1.0
        0.1333333333    0.0000000000    0.1333333333    1.0
        0.1363636364    0.0000000000    0.1363636364    1.0
        0.1393939394    0.0000000000    0.1393939394    1.0
        0.1424242424    0.0000000000    0.1424242424    1.0
        0.1454545455    0.0000000000    0.1454545455    1.0
        0.1484848485    0.0000000000    0.1484848485    1.0
        0.1515151515    0.0000000000    0.1515151515    1.0
        0.1545454545    0.0000000000    0.1545454545    1.0
        0.1575757576    0.0000000000    0.1575757576    1.0
        0.1606060606    0.0000000000    0.1606060606    1.0
        0.1636363636    0.0000000000    0.1636363636    1.0
        0.1666666667    0.0000000000    0.1666666667    1.0
        0.1696969697    0.0000000000    0.1696969697    1.0
        0.1727272727    0.0000000000    0.1727272727    1.0
        0.1757575758    0.0000000000    0.1757575758    1.0
        0.1787878788    0.0000000000    0.1787878788    1.0
        0.1818181818    0.0000000000    0.1818181818    1.0
        0.1848484848    0.0000000000    0.1848484848    1.0
        0.1878787879    0.0000000000    0.1878787879    1.0
        0.1909090909    0.0000000000    0.1909090909    1.0
        0.1939393939    0.0000000000    0.1939393939    1.0
        0.1969696970    0.0000000000    0.1969696970    1.0
        0.2000000000    0.0000000000    0.2000000000    1.0
        0.2030303030    0.0000000000    0.2030303030    1.0
        0.2060606061    0.0000000000    0.2060606061    1.0
        0.2090909091    0.0000000000    0.2090909091    1.0
        0.2121212121    0.0000000000    0.2121212121    1.0
        0.2151515152    0.0000000000    0.2151515152    1.0
        0.2181818182    0.0000000000    0.2181818182    1.0
        0.2212121212    0.0000000000    0.2212121212    1.0
        0.2242424242    0.0000000000    0.2242424242    1.0
        0.2272727273    0.0000000000    0.2272727273    1.0
        0.2303030303    0.0000000000    0.2303030303    1.0
        0.2333333333    0.0000000000    0.2333333333    1.0
        0.2363636364    0.0000000000    0.2363636364    1.0
        0.2393939394    0.0000000000    0.2393939394    1.0
        0.2424242424    0.0000000000    0.2424242424    1.0
        0.2454545455    0.0000000000    0.2454545455    1.0
        0.2484848485    0.0000000000    0.2484848485    1.0
        0.2515151515    0.0000000000    0.2515151515    1.0
        0.2545454545    0.0000000000    0.2545454545    1.0
        0.2575757576    0.0000000000    0.2575757576    1.0
        0.2606060606    0.0000000000    0.2606060606    1.0
        0.2636363636    0.0000000000    0.2636363636    1.0
        0.2666666667    0.0000000000    0.2666666667    1.0
        0.2696969697    0.0000000000    0.2696969697    1.0
        0.2727272727    0.0000000000    0.2727272727    1.0
        0.2757575758    0.0000000000    0.2757575758    1.0
        0.2787878788    0.0000000000    0.2787878788    1.0
        0.2818181818    0.0000000000    0.2818181818    1.0
        0.2848484848    0.0000000000    0.2848484848    1.0
        0.2878787879    0.0000000000    0.2878787879    1.0
        0.2909090909    0.0000000000    0.2909090909    1.0
        0.2939393939    0.0000000000    0.2939393939    1.0
        0.2969696970    0.0000000000    0.2969696970    1.0
        0.3000000000    0.0000000000    0.3000000000    1.0
        0.3030303030    0.0000000000    0.3030303030    1.0
        0.3060606061    0.0000000000    0.3060606061    1.0
        0.3090909091    0.0000000000    0.3090909091    1.0
        0.3121212121    0.0000000000    0.3121212121    1.0
        0.3151515152    0.0000000000    0.3151515152    1.0
        0.3181818182    0.0000000000    0.3181818182    1.0
        0.3212121212    0.0000000000    0.3212121212    1.0
        0.3242424242    0.0000000000    0.3242424242    1.0
        0.3272727273    0.0000000000    0.3272727273    1.0
        0.3303030303    0.0000000000    0.3303030303    1.0
        0.3333333333    0.0000000000    0.3333333333    1.0
        0.3363636364    0.0000000000    0.3363636364    1.0
        0.3393939394    0.0000000000    0.3393939394    1.0
        0.3424242424    0.0000000000    0.3424242424    1.0
        0.3454545455    0.0000000000    0.3454545455    1.0
        0.3484848485    0.0000000000    0.3484848485    1.0
        0.3515151515    0.0000000000    0.3515151515    1.0
        0.3545454545    0.0000000000    0.3545454545    1.0
        0.3575757576    0.0000000000    0.3575757576    1.0
        0.3606060606    0.0000000000    0.3606060606    1.0
        0.3636363636    0.0000000000    0.3636363636    1.0
        0.3666666667    0.0000000000    0.3666666667    1.0
        0.3696969697    0.0000000000    0.3696969697    1.0
        0.3727272727    0.0000000000    0.3727272727    1.0
        0.3757575758    0.0000000000    0.3757575758    1.0
        0.3787878788    0.0000000000    0.3787878788    1.0
        0.3818181818    0.0000000000    0.3818181818    1.0
        0.3848484848    0.0000000000    0.3848484848    1.0
        0.3878787879    0.0000000000    0.3878787879    1.0
        0.3909090909    0.0000000000    0.3909090909    1.0
        0.3939393939    0.0000000000    0.3939393939    1.0
        0.3969696970    0.0000000000    0.3969696970    1.0
        0.4000000000    0.0000000000    0.4000000000    1.0
        0.4030303030    0.0000000000    0.4030303030    1.0
        0.4060606061    0.0000000000    0.4060606061    1.0
        0.4090909091    0.0000000000    0.4090909091    1.0
        0.4121212121    0.0000000000    0.4121212121    1.0
        0.4151515152    0.0000000000    0.4151515152    1.0
        0.4181818182    0.0000000000    0.4181818182    1.0
        0.4212121212    0.0000000000    0.4212121212    1.0
        0.4242424242    0.0000000000    0.4242424242    1.0
        0.4272727273    0.0000000000    0.4272727273    1.0
        0.4303030303    0.0000000000    0.4303030303    1.0
        0.4333333333    0.0000000000    0.4333333333    1.0
        0.4363636364    0.0000000000    0.4363636364    1.0
        0.4393939394    0.0000000000    0.4393939394    1.0
        0.4424242424    0.0000000000    0.4424242424    1.0
        0.4454545455    0.0000000000    0.4454545455    1.0
        0.4484848485    0.0000000000    0.4484848485    1.0
        0.4515151515    0.0000000000    0.4515151515    1.0
        0.4545454545    0.0000000000    0.4545454545    1.0
        0.4575757576    0.0000000000    0.4575757576    1.0
        0.4606060606    0.0000000000    0.4606060606    1.0
        0.4636363636    0.0000000000    0.4636363636    1.0
        0.4666666667    0.0000000000    0.4666666667    1.0
        0.4696969697    0.0000000000    0.4696969697    1.0
        0.4727272727    0.0000000000    0.4727272727    1.0
        0.4757575758    0.0000000000    0.4757575758    1.0
        0.4787878788    0.0000000000    0.4787878788    1.0
        0.4818181818    0.0000000000    0.4818181818    1.0
        0.4848484848    0.0000000000    0.4848484848    1.0
        0.4878787879    0.0000000000    0.4878787879    1.0
        0.4909090909    0.0000000000    0.4909090909    1.0
        0.4939393939    0.0000000000    0.4939393939    1.0
        0.4969696970    0.0000000000    0.4969696970    1.0
        0.5000000000    0.0000000000    0.5000000000    1.0
        0.5000000000    0.0030487805    0.5030487805    1.0
        0.5000000000    0.0060975610    0.5060975610    1.0
        0.5000000000    0.0091463415    0.5091463415    1.0
        0.5000000000    0.0121951220    0.5121951220    1.0
        0.5000000000    0.0152439024    0.5152439024    1.0
        0.5000000000    0.0182926829    0.5182926829    1.0
        0.5000000000    0.0213414634    0.5213414634    1.0
        0.5000000000    0.0243902439    0.5243902439    1.0
        0.5000000000    0.0274390244    0.5274390244    1.0
        0.5000000000    0.0304878049    0.5304878049    1.0
        0.5000000000    0.0335365854    0.5335365854    1.0
        0.5000000000    0.0365853659    0.5365853659    1.0
        0.5000000000    0.0396341463    0.5396341463    1.0
        0.5000000000    0.0426829268    0.5426829268    1.0
        0.5000000000    0.0457317073    0.5457317073    1.0
        0.5000000000    0.0487804878    0.5487804878    1.0
        0.5000000000    0.0518292683    0.5518292683    1.0
        0.5000000000    0.0548780488    0.5548780488    1.0
        0.5000000000    0.0579268293    0.5579268293    1.0
        0.5000000000    0.0609756098    0.5609756098    1.0
        0.5000000000    0.0640243902    0.5640243902    1.0
        0.5000000000    0.0670731707    0.5670731707    1.0
        0.5000000000    0.0701219512    0.5701219512    1.0
        0.5000000000    0.0731707317    0.5731707317    1.0
        0.5000000000    0.0762195122    0.5762195122    1.0
        0.5000000000    0.0792682927    0.5792682927    1.0
        0.5000000000    0.0823170732    0.5823170732    1.0
        0.5000000000    0.0853658537    0.5853658537    1.0
        0.5000000000    0.0884146341    0.5884146341    1.0
        0.5000000000    0.0914634146    0.5914634146    1.0
        0.5000000000    0.0945121951    0.5945121951    1.0
        0.5000000000    0.0975609756    0.5975609756    1.0
        0.5000000000    0.1006097561    0.6006097561    1.0
        0.5000000000    0.1036585366    0.6036585366    1.0
        0.5000000000    0.1067073171    0.6067073171    1.0
        0.5000000000    0.1097560976    0.6097560976    1.0
        0.5000000000    0.1128048780    0.6128048780    1.0
        0.5000000000    0.1158536585    0.6158536585    1.0
        0.5000000000    0.1189024390    0.6189024390    1.0
        0.5000000000    0.1219512195    0.6219512195    1.0
        0.5000000000    0.1250000000    0.6250000000    1.0
        0.5000000000    0.1280487805    0.6280487805    1.0
        0.5000000000    0.1310975610    0.6310975610    1.0
        0.5000000000    0.1341463415    0.6341463415    1.0
        0.5000000000    0.1371951220    0.6371951220    1.0
        0.5000000000    0.1402439024    0.6402439024    1.0
        0.5000000000    0.1432926829    0.6432926829    1.0
        0.5000000000    0.1463414634    0.6463414634    1.0
        0.5000000000    0.1493902439    0.6493902439    1.0
        0.5000000000    0.1524390244    0.6524390244    1.0
        0.5000000000    0.1554878049    0.6554878049    1.0
        0.5000000000    0.1585365854    0.6585365854    1.0
        0.5000000000    0.1615853659    0.6615853659    1.0
        0.5000000000    0.1646341463    0.6646341463    1.0
        0.5000000000    0.1676829268    0.6676829268    1.0
        0.5000000000    0.1707317073    0.6707317073    1.0
        0.5000000000    0.1737804878    0.6737804878    1.0
        0.5000000000    0.1768292683    0.6768292683    1.0
        0.5000000000    0.1798780488    0.6798780488    1.0
        0.5000000000    0.1829268293    0.6829268293    1.0
        0.5000000000    0.1859756098    0.6859756098    1.0
        0.5000000000    0.1890243902    0.6890243902    1.0
        0.5000000000    0.1920731707    0.6920731707    1.0
        0.5000000000    0.1951219512    0.6951219512    1.0
        0.5000000000    0.1981707317    0.6981707317    1.0
        0.5000000000    0.2012195122    0.7012195122    1.0
        0.5000000000    0.2042682927    0.7042682927    1.0
        0.5000000000    0.2073170732    0.7073170732    1.0
        0.5000000000    0.2103658537    0.7103658537    1.0
        0.5000000000    0.2134146341    0.7134146341    1.0
        0.5000000000    0.2164634146    0.7164634146    1.0
        0.5000000000    0.2195121951    0.7195121951    1.0
        0.5000000000    0.2225609756    0.7225609756    1.0
        0.5000000000    0.2256097561    0.7256097561    1.0
        0.5000000000    0.2286585366    0.7286585366    1.0
        0.5000000000    0.2317073171    0.7317073171    1.0
        0.5000000000    0.2347560976    0.7347560976    1.0
        0.5000000000    0.2378048780    0.7378048780    1.0
        0.5000000000    0.2408536585    0.7408536585    1.0
        0.5000000000    0.2439024390    0.7439024390    1.0
        0.5000000000    0.2469512195    0.7469512195    1.0
        0.5000000000    0.2500000000    0.7500000000    1.0
        0.4978448276    0.2521551724    0.7500000000    1.0
        0.4956896552    0.2543103448    0.7500000000    1.0
        0.4935344828    0.2564655172    0.7500000000    1.0
        0.4913793103    0.2586206897    0.7500000000    1.0
        0.4892241379    0.2607758621    0.7500000000    1.0
        0.4870689655    0.2629310345    0.7500000000    1.0
        0.4849137931    0.2650862069    0.7500000000    1.0
        0.4827586207    0.2672413793    0.7500000000    1.0
        0.4806034483    0.2693965517    0.7500000000    1.0
        0.4784482759    0.2715517241    0.7500000000    1.0
        0.4762931034    0.2737068966    0.7500000000    1.0
        0.4741379310    0.2758620690    0.7500000000    1.0
        0.4719827586    0.2780172414    0.7500000000    1.0
        0.4698275862    0.2801724138    0.7500000000    1.0
        0.4676724138    0.2823275862    0.7500000000    1.0
        0.4655172414    0.2844827586    0.7500000000    1.0
        0.4633620690    0.2866379310    0.7500000000    1.0
        0.4612068966    0.2887931034    0.7500000000    1.0
        0.4590517241    0.2909482759    0.7500000000    1.0
        0.4568965517    0.2931034483    0.7500000000    1.0
        0.4547413793    0.2952586207    0.7500000000    1.0
        0.4525862069    0.2974137931    0.7500000000    1.0
        0.4504310345    0.2995689655    0.7500000000    1.0
        0.4482758621    0.3017241379    0.7500000000    1.0
        0.4461206897    0.3038793103    0.7500000000    1.0
        0.4439655172    0.3060344828    0.7500000000    1.0
        0.4418103448    0.3081896552    0.7500000000    1.0
        0.4396551724    0.3103448276    0.7500000000    1.0
        0.4375000000    0.3125000000    0.7500000000    1.0
        0.4353448276    0.3146551724    0.7500000000    1.0
        0.4331896552    0.3168103448    0.7500000000    1.0
        0.4310344828    0.3189655172    0.7500000000    1.0
        0.4288793103    0.3211206897    0.7500000000    1.0
        0.4267241379    0.3232758621    0.7500000000    1.0
        0.4245689655    0.3254310345    0.7500000000    1.0
        0.4224137931    0.3275862069    0.7500000000    1.0
        0.4202586207    0.3297413793    0.7500000000    1.0
        0.4181034483    0.3318965517    0.7500000000    1.0
        0.4159482759    0.3340517241    0.7500000000    1.0
        0.4137931034    0.3362068966    0.7500000000    1.0
        0.4116379310    0.3383620690    0.7500000000    1.0
        0.4094827586    0.3405172414    0.7500000000    1.0
        0.4073275862    0.3426724138    0.7500000000    1.0
        0.4051724138    0.3448275862    0.7500000000    1.0
        0.4030172414    0.3469827586    0.7500000000    1.0
        0.4008620690    0.3491379310    0.7500000000    1.0
        0.3987068966    0.3512931034    0.7500000000    1.0
        0.3965517241    0.3534482759    0.7500000000    1.0
        0.3943965517    0.3556034483    0.7500000000    1.0
        0.3922413793    0.3577586207    0.7500000000    1.0
        0.3900862069    0.3599137931    0.7500000000    1.0
        0.3879310345    0.3620689655    0.7500000000    1.0
        0.3857758621    0.3642241379    0.7500000000    1.0
        0.3836206897    0.3663793103    0.7500000000    1.0
        0.3814655172    0.3685344828    0.7500000000    1.0
        0.3793103448    0.3706896552    0.7500000000    1.0
        0.3771551724    0.3728448276    0.7500000000    1.0
        0.3750000000    0.3750000000    0.7500000000    1.0
        0.3728571429    0.3728571429    0.7457142857    1.0
        0.3707142857    0.3707142857    0.7414285714    1.0
        0.3685714286    0.3685714286    0.7371428571    1.0
        0.3664285714    0.3664285714    0.7328571429    1.0
        0.3642857143    0.3642857143    0.7285714286    1.0
        0.3621428571    0.3621428571    0.7242857143    1.0
        0.3600000000    0.3600000000    0.7200000000    1.0
        0.3578571429    0.3578571429    0.7157142857    1.0
        0.3557142857    0.3557142857    0.7114285714    1.0
        0.3535714286    0.3535714286    0.7071428571    1.0
        0.3514285714    0.3514285714    0.7028571429    1.0
        0.3492857143    0.3492857143    0.6985714286    1.0
        0.3471428571    0.3471428571    0.6942857143    1.0
        0.3450000000    0.3450000000    0.6900000000    1.0
        0.3428571429    0.3428571429    0.6857142857    1.0
        0.3407142857    0.3407142857    0.6814285714    1.0
        0.3385714286    0.3385714286    0.6771428571    1.0
        0.3364285714    0.3364285714    0.6728571429    1.0
        0.3342857143    0.3342857143    0.6685714286    1.0
        0.3321428571    0.3321428571    0.6642857143    1.0
        0.3300000000    0.3300000000    0.6600000000    1.0
        0.3278571429    0.3278571429    0.6557142857    1.0
        0.3257142857    0.3257142857    0.6514285714    1.0
        0.3235714286    0.3235714286    0.6471428571    1.0
        0.3214285714    0.3214285714    0.6428571429    1.0
        0.3192857143    0.3192857143    0.6385714286    1.0
        0.3171428571    0.3171428571    0.6342857143    1.0
        0.3150000000    0.3150000000    0.6300000000    1.0
        0.3128571429    0.3128571429    0.6257142857    1.0
        0.3107142857    0.3107142857    0.6214285714    1.0
        0.3085714286    0.3085714286    0.6171428571    1.0
        0.3064285714    0.3064285714    0.6128571429    1.0
        0.3042857143    0.3042857143    0.6085714286    1.0
        0.3021428571    0.3021428571    0.6042857143    1.0
        0.3000000000    0.3000000000    0.6000000000    1.0
        0.2978571429    0.2978571429    0.5957142857    1.0
        0.2957142857    0.2957142857    0.5914285714    1.0
        0.2935714286    0.2935714286    0.5871428571    1.0
        0.2914285714    0.2914285714    0.5828571429    1.0
        0.2892857143    0.2892857143    0.5785714286    1.0
        0.2871428571    0.2871428571    0.5742857143    1.0
        0.2850000000    0.2850000000    0.5700000000    1.0
        0.2828571429    0.2828571429    0.5657142857    1.0
        0.2807142857    0.2807142857    0.5614285714    1.0
        0.2785714286    0.2785714286    0.5571428571    1.0
        0.2764285714    0.2764285714    0.5528571429    1.0
        0.2742857143    0.2742857143    0.5485714286    1.0
        0.2721428571    0.2721428571    0.5442857143    1.0
        0.2700000000    0.2700000000    0.5400000000    1.0
        0.2678571429    0.2678571429    0.5357142857    1.0
        0.2657142857    0.2657142857    0.5314285714    1.0
        0.2635714286    0.2635714286    0.5271428571    1.0
        0.2614285714    0.2614285714    0.5228571429    1.0
        0.2592857143    0.2592857143    0.5185714286    1.0
        0.2571428571    0.2571428571    0.5142857143    1.0
        0.2550000000    0.2550000000    0.5100000000    1.0
        0.2528571429    0.2528571429    0.5057142857    1.0
        0.2507142857    0.2507142857    0.5014285714    1.0
        0.2485714286    0.2485714286    0.4971428571    1.0
        0.2464285714    0.2464285714    0.4928571429    1.0
        0.2442857143    0.2442857143    0.4885714286    1.0
        0.2421428571    0.2421428571    0.4842857143    1.0
        0.2400000000    0.2400000000    0.4800000000    1.0
        0.2378571429    0.2378571429    0.4757142857    1.0
        0.2357142857    0.2357142857    0.4714285714    1.0
        0.2335714286    0.2335714286    0.4671428571    1.0
        0.2314285714    0.2314285714    0.4628571429    1.0
        0.2292857143    0.2292857143    0.4585714286    1.0
        0.2271428571    0.2271428571    0.4542857143    1.0
        0.2250000000    0.2250000000    0.4500000000    1.0
        0.2228571429    0.2228571429    0.4457142857    1.0
        0.2207142857    0.2207142857    0.4414285714    1.0
        0.2185714286    0.2185714286    0.4371428571    1.0
        0.2164285714    0.2164285714    0.4328571429    1.0
        0.2142857143    0.2142857143    0.4285714286    1.0
        0.2121428571    0.2121428571    0.4242857143    1.0
        0.2100000000    0.2100000000    0.4200000000    1.0
        0.2078571429    0.2078571429    0.4157142857    1.0
        0.2057142857    0.2057142857    0.4114285714    1.0
        0.2035714286    0.2035714286    0.4071428571    1.0
        0.2014285714    0.2014285714    0.4028571429    1.0
        0.1992857143    0.1992857143    0.3985714286    1.0
        0.1971428571    0.1971428571    0.3942857143    1.0
        0.1950000000    0.1950000000    0.3900000000    1.0
        0.1928571429    0.1928571429    0.3857142857    1.0
        0.1907142857    0.1907142857    0.3814285714    1.0
        0.1885714286    0.1885714286    0.3771428571    1.0
        0.1864285714    0.1864285714    0.3728571429    1.0
        0.1842857143    0.1842857143    0.3685714286    1.0
        0.1821428571    0.1821428571    0.3642857143    1.0
        0.1800000000    0.1800000000    0.3600000000    1.0
        0.1778571429    0.1778571429    0.3557142857    1.0
        0.1757142857    0.1757142857    0.3514285714    1.0
        0.1735714286    0.1735714286    0.3471428571    1.0
        0.1714285714    0.1714285714    0.3428571429    1.0
        0.1692857143    0.1692857143    0.3385714286    1.0
        0.1671428571    0.1671428571    0.3342857143    1.0
        0.1650000000    0.1650000000    0.3300000000    1.0
        0.1628571429    0.1628571429    0.3257142857    1.0
        0.1607142857    0.1607142857    0.3214285714    1.0
        0.1585714286    0.1585714286    0.3171428571    1.0
        0.1564285714    0.1564285714    0.3128571429    1.0
        0.1542857143    0.1542857143    0.3085714286    1.0
        0.1521428571    0.1521428571    0.3042857143    1.0
        0.1500000000    0.1500000000    0.3000000000    1.0
        0.1478571429    0.1478571429    0.2957142857    1.0
        0.1457142857    0.1457142857    0.2914285714    1.0
        0.1435714286    0.1435714286    0.2871428571    1.0
        0.1414285714    0.1414285714    0.2828571429    1.0
        0.1392857143    0.1392857143    0.2785714286    1.0
        0.1371428571    0.1371428571    0.2742857143    1.0
        0.1350000000    0.1350000000    0.2700000000    1.0
        0.1328571429    0.1328571429    0.2657142857    1.0
        0.1307142857    0.1307142857    0.2614285714    1.0
        0.1285714286    0.1285714286    0.2571428571    1.0
        0.1264285714    0.1264285714    0.2528571429    1.0
        0.1242857143    0.1242857143    0.2485714286    1.0
        0.1221428571    0.1221428571    0.2442857143    1.0
        0.1200000000    0.1200000000    0.2400000000    1.0
        0.1178571429    0.1178571429    0.2357142857    1.0
        0.1157142857    0.1157142857    0.2314285714    1.0
        0.1135714286    0.1135714286    0.2271428571    1.0
        0.1114285714    0.1114285714    0.2228571429    1.0
        0.1092857143    0.1092857143    0.2185714286    1.0
        0.1071428571    0.1071428571    0.2142857143    1.0
        0.1050000000    0.1050000000    0.2100000000    1.0
        0.1028571429    0.1028571429    0.2057142857    1.0
        0.1007142857    0.1007142857    0.2014285714    1.0
        0.0985714286    0.0985714286    0.1971428571    1.0
        0.0964285714    0.0964285714    0.1928571429    1.0
        0.0942857143    0.0942857143    0.1885714286    1.0
        0.0921428571    0.0921428571    0.1842857143    1.0
        0.0900000000    0.0900000000    0.1800000000    1.0
        0.0878571429    0.0878571429    0.1757142857    1.0
        0.0857142857    0.0857142857    0.1714285714    1.0
        0.0835714286    0.0835714286    0.1671428571    1.0
        0.0814285714    0.0814285714    0.1628571429    1.0
        0.0792857143    0.0792857143    0.1585714286    1.0
        0.0771428571    0.0771428571    0.1542857143    1.0
        0.0750000000    0.0750000000    0.1500000000    1.0
        0.0728571429    0.0728571429    0.1457142857    1.0
        0.0707142857    0.0707142857    0.1414285714    1.0
        0.0685714286    0.0685714286    0.1371428571    1.0
        0.0664285714    0.0664285714    0.1328571429    1.0
        0.0642857143    0.0642857143    0.1285714286    1.0
        0.0621428571    0.0621428571    0.1242857143    1.0
        0.0600000000    0.0600000000    0.1200000000    1.0
        0.0578571429    0.0578571429    0.1157142857    1.0
        0.0557142857    0.0557142857    0.1114285714    1.0
        0.0535714286    0.0535714286    0.1071428571    1.0
        0.0514285714    0.0514285714    0.1028571429    1.0
        0.0492857143    0.0492857143    0.0985714286    1.0
        0.0471428571    0.0471428571    0.0942857143    1.0
        0.0450000000    0.0450000000    0.0900000000    1.0
        0.0428571429    0.0428571429    0.0857142857    1.0
        0.0407142857    0.0407142857    0.0814285714    1.0
        0.0385714286    0.0385714286    0.0771428571    1.0
        0.0364285714    0.0364285714    0.0728571429    1.0
        0.0342857143    0.0342857143    0.0685714286    1.0
        0.0321428571    0.0321428571    0.0642857143    1.0
        0.0300000000    0.0300000000    0.0600000000    1.0
        0.0278571429    0.0278571429    0.0557142857    1.0
        0.0257142857    0.0257142857    0.0514285714    1.0
        0.0235714286    0.0235714286    0.0471428571    1.0
        0.0214285714    0.0214285714    0.0428571429    1.0
        0.0192857143    0.0192857143    0.0385714286    1.0
        0.0171428571    0.0171428571    0.0342857143    1.0
        0.0150000000    0.0150000000    0.0300000000    1.0
        0.0128571429    0.0128571429    0.0257142857    1.0
        0.0107142857    0.0107142857    0.0214285714    1.0
        0.0085714286    0.0085714286    0.0171428571    1.0
        0.0064285714    0.0064285714    0.0128571429    1.0
        0.0042857143    0.0042857143    0.0085714286    1.0
        0.0021428571    0.0021428571    0.0042857143    1.0
        0.0000000000    0.0000000000    0.0000000000    1.0
        0.0034965035    0.0034965035    0.0034965035    1.0
        0.0069930070    0.0069930070    0.0069930070    1.0
        0.0104895105    0.0104895105    0.0104895105    1.0
        0.0139860140    0.0139860140    0.0139860140    1.0
        0.0174825175    0.0174825175    0.0174825175    1.0
        0.0209790210    0.0209790210    0.0209790210    1.0
        0.0244755245    0.0244755245    0.0244755245    1.0
        0.0279720280    0.0279720280    0.0279720280    1.0
        0.0314685315    0.0314685315    0.0314685315    1.0
        0.0349650350    0.0349650350    0.0349650350    1.0
        0.0384615385    0.0384615385    0.0384615385    1.0
        0.0419580420    0.0419580420    0.0419580420    1.0
        0.0454545455    0.0454545455    0.0454545455    1.0
        0.0489510490    0.0489510490    0.0489510490    1.0
        0.0524475524    0.0524475524    0.0524475524    1.0
        0.0559440559    0.0559440559    0.0559440559    1.0
        0.0594405594    0.0594405594    0.0594405594    1.0
        0.0629370629    0.0629370629    0.0629370629    1.0
        0.0664335664    0.0664335664    0.0664335664    1.0
        0.0699300699    0.0699300699    0.0699300699    1.0
        0.0734265734    0.0734265734    0.0734265734    1.0
        0.0769230769    0.0769230769    0.0769230769    1.0
        0.0804195804    0.0804195804    0.0804195804    1.0
        0.0839160839    0.0839160839    0.0839160839    1.0
        0.0874125874    0.0874125874    0.0874125874    1.0
        0.0909090909    0.0909090909    0.0909090909    1.0
        0.0944055944    0.0944055944    0.0944055944    1.0
        0.0979020979    0.0979020979    0.0979020979    1.0
        0.1013986014    0.1013986014    0.1013986014    1.0
        0.1048951049    0.1048951049    0.1048951049    1.0
        0.1083916084    0.1083916084    0.1083916084    1.0
        0.1118881119    0.1118881119    0.1118881119    1.0
        0.1153846154    0.1153846154    0.1153846154    1.0
        0.1188811189    0.1188811189    0.1188811189    1.0
        0.1223776224    0.1223776224    0.1223776224    1.0
        0.1258741259    0.1258741259    0.1258741259    1.0
        0.1293706294    0.1293706294    0.1293706294    1.0
        0.1328671329    0.1328671329    0.1328671329    1.0
        0.1363636364    0.1363636364    0.1363636364    1.0
        0.1398601399    0.1398601399    0.1398601399    1.0
        0.1433566434    0.1433566434    0.1433566434    1.0
        0.1468531469    0.1468531469    0.1468531469    1.0
        0.1503496503    0.1503496503    0.1503496503    1.0
        0.1538461538    0.1538461538    0.1538461538    1.0
        0.1573426573    0.1573426573    0.1573426573    1.0
        0.1608391608    0.1608391608    0.1608391608    1.0
        0.1643356643    0.1643356643    0.1643356643    1.0
        0.1678321678    0.1678321678    0.1678321678    1.0
        0.1713286713    0.1713286713    0.1713286713    1.0
        0.1748251748    0.1748251748    0.1748251748    1.0
        0.1783216783    0.1783216783    0.1783216783    1.0
        0.1818181818    0.1818181818    0.1818181818    1.0
        0.1853146853    0.1853146853    0.1853146853    1.0
        0.1888111888    0.1888111888    0.1888111888    1.0
        0.1923076923    0.1923076923    0.1923076923    1.0
        0.1958041958    0.1958041958    0.1958041958    1.0
        0.1993006993    0.1993006993    0.1993006993    1.0
        0.2027972028    0.2027972028    0.2027972028    1.0
        0.2062937063    0.2062937063    0.2062937063    1.0
        0.2097902098    0.2097902098    0.2097902098    1.0
        0.2132867133    0.2132867133    0.2132867133    1.0
        0.2167832168    0.2167832168    0.2167832168    1.0
        0.2202797203    0.2202797203    0.2202797203    1.0
        0.2237762238    0.2237762238    0.2237762238    1.0
        0.2272727273    0.2272727273    0.2272727273    1.0
        0.2307692308    0.2307692308    0.2307692308    1.0
        0.2342657343    0.2342657343    0.2342657343    1.0
        0.2377622378    0.2377622378    0.2377622378    1.0
        0.2412587413    0.2412587413    0.2412587413    1.0
        0.2447552448    0.2447552448    0.2447552448    1.0
        0.2482517483    0.2482517483    0.2482517483    1.0
        0.2517482517    0.2517482517    0.2517482517    1.0
        0.2552447552    0.2552447552    0.2552447552    1.0
        0.2587412587    0.2587412587    0.2587412587    1.0
        0.2622377622    0.2622377622    0.2622377622    1.0
        0.2657342657    0.2657342657    0.2657342657    1.0
        0.2692307692    0.2692307692    0.2692307692    1.0
        0.2727272727    0.2727272727    0.2727272727    1.0
        0.2762237762    0.2762237762    0.2762237762    1.0
        0.2797202797    0.2797202797    0.2797202797    1.0
        0.2832167832    0.2832167832    0.2832167832    1.0
        0.2867132867    0.2867132867    0.2867132867    1.0
        0.2902097902    0.2902097902    0.2902097902    1.0
        0.2937062937    0.2937062937    0.2937062937    1.0
        0.2972027972    0.2972027972    0.2972027972    1.0
        0.3006993007    0.3006993007    0.3006993007    1.0
        0.3041958042    0.3041958042    0.3041958042    1.0
        0.3076923077    0.3076923077    0.3076923077    1.0
        0.3111888112    0.3111888112    0.3111888112    1.0
        0.3146853147    0.3146853147    0.3146853147    1.0
        0.3181818182    0.3181818182    0.3181818182    1.0
        0.3216783217    0.3216783217    0.3216783217    1.0
        0.3251748252    0.3251748252    0.3251748252    1.0
        0.3286713287    0.3286713287    0.3286713287    1.0
        0.3321678322    0.3321678322    0.3321678322    1.0
        0.3356643357    0.3356643357    0.3356643357    1.0
        0.3391608392    0.3391608392    0.3391608392    1.0
        0.3426573427    0.3426573427    0.3426573427    1.0
        0.3461538462    0.3461538462    0.3461538462    1.0
        0.3496503497    0.3496503497    0.3496503497    1.0
        0.3531468531    0.3531468531    0.3531468531    1.0
        0.3566433566    0.3566433566    0.3566433566    1.0
        0.3601398601    0.3601398601    0.3601398601    1.0
        0.3636363636    0.3636363636    0.3636363636    1.0
        0.3671328671    0.3671328671    0.3671328671    1.0
        0.3706293706    0.3706293706    0.3706293706    1.0
        0.3741258741    0.3741258741    0.3741258741    1.0
        0.3776223776    0.3776223776    0.3776223776    1.0
        0.3811188811    0.3811188811    0.3811188811    1.0
        0.3846153846    0.3846153846    0.3846153846    1.0
        0.3881118881    0.3881118881    0.3881118881    1.0
        0.3916083916    0.3916083916    0.3916083916    1.0
        0.3951048951    0.3951048951    0.3951048951    1.0
        0.3986013986    0.3986013986    0.3986013986    1.0
        0.4020979021    0.4020979021    0.4020979021    1.0
        0.4055944056    0.4055944056    0.4055944056    1.0
        0.4090909091    0.4090909091    0.4090909091    1.0
        0.4125874126    0.4125874126    0.4125874126    1.0
        0.4160839161    0.4160839161    0.4160839161    1.0
        0.4195804196    0.4195804196    0.4195804196    1.0
        0.4230769231    0.4230769231    0.4230769231    1.0
        0.4265734266    0.4265734266    0.4265734266    1.0
        0.4300699301    0.4300699301    0.4300699301    1.0
        0.4335664336    0.4335664336    0.4335664336    1.0
        0.4370629371    0.4370629371    0.4370629371    1.0
        0.4405594406    0.4405594406    0.4405594406    1.0
        0.4440559441    0.4440559441    0.4440559441    1.0
        0.4475524476    0.4475524476    0.4475524476    1.0
        0.4510489510    0.4510489510    0.4510489510    1.0
        0.4545454545    0.4545454545    0.4545454545    1.0
        0.4580419580    0.4580419580    0.4580419580    1.0
        0.4615384615    0.4615384615    0.4615384615    1.0
        0.4650349650    0.4650349650    0.4650349650    1.0
        0.4685314685    0.4685314685    0.4685314685    1.0
        0.4720279720    0.4720279720    0.4720279720    1.0
        0.4755244755    0.4755244755    0.4755244755    1.0
        0.4790209790    0.4790209790    0.4790209790    1.0
        0.4825174825    0.4825174825    0.4825174825    1.0
        0.4860139860    0.4860139860    0.4860139860    1.0
        0.4895104895    0.4895104895    0.4895104895    1.0
        0.4930069930    0.4930069930    0.4930069930    1.0
        0.4965034965    0.4965034965    0.4965034965    1.0
        0.5000000000    0.5000000000    0.5000000000    1.0
        0.5012376238    0.4975247525    0.5012376238    1.0
        0.5024752475    0.4950495050    0.5024752475    1.0
        0.5037128713    0.4925742574    0.5037128713    1.0
        0.5049504950    0.4900990099    0.5049504950    1.0
        0.5061881188    0.4876237624    0.5061881188    1.0
        0.5074257426    0.4851485149    0.5074257426    1.0
        0.5086633663    0.4826732673    0.5086633663    1.0
        0.5099009901    0.4801980198    0.5099009901    1.0
        0.5111386139    0.4777227723    0.5111386139    1.0
        0.5123762376    0.4752475248    0.5123762376    1.0
        0.5136138614    0.4727722772    0.5136138614    1.0
        0.5148514851    0.4702970297    0.5148514851    1.0
        0.5160891089    0.4678217822    0.5160891089    1.0
        0.5173267327    0.4653465347    0.5173267327    1.0
        0.5185643564    0.4628712871    0.5185643564    1.0
        0.5198019802    0.4603960396    0.5198019802    1.0
        0.5210396040    0.4579207921    0.5210396040    1.0
        0.5222772277    0.4554455446    0.5222772277    1.0
        0.5235148515    0.4529702970    0.5235148515    1.0
        0.5247524752    0.4504950495    0.5247524752    1.0
        0.5259900990    0.4480198020    0.5259900990    1.0
        0.5272277228    0.4455445545    0.5272277228    1.0
        0.5284653465    0.4430693069    0.5284653465    1.0
        0.5297029703    0.4405940594    0.5297029703    1.0
        0.5309405941    0.4381188119    0.5309405941    1.0
        0.5321782178    0.4356435644    0.5321782178    1.0
        0.5334158416    0.4331683168    0.5334158416    1.0
        0.5346534653    0.4306930693    0.5346534653    1.0
        0.5358910891    0.4282178218    0.5358910891    1.0
        0.5371287129    0.4257425743    0.5371287129    1.0
        0.5383663366    0.4232673267    0.5383663366    1.0
        0.5396039604    0.4207920792    0.5396039604    1.0
        0.5408415842    0.4183168317    0.5408415842    1.0
        0.5420792079    0.4158415842    0.5420792079    1.0
        0.5433168317    0.4133663366    0.5433168317    1.0
        0.5445544554    0.4108910891    0.5445544554    1.0
        0.5457920792    0.4084158416    0.5457920792    1.0
        0.5470297030    0.4059405941    0.5470297030    1.0
        0.5482673267    0.4034653465    0.5482673267    1.0
        0.5495049505    0.4009900990    0.5495049505    1.0
        0.5507425743    0.3985148515    0.5507425743    1.0
        0.5519801980    0.3960396040    0.5519801980    1.0
        0.5532178218    0.3935643564    0.5532178218    1.0
        0.5544554455    0.3910891089    0.5544554455    1.0
        0.5556930693    0.3886138614    0.5556930693    1.0
        0.5569306931    0.3861386139    0.5569306931    1.0
        0.5581683168    0.3836633663    0.5581683168    1.0
        0.5594059406    0.3811881188    0.5594059406    1.0
        0.5606435644    0.3787128713    0.5606435644    1.0
        0.5618811881    0.3762376238    0.5618811881    1.0
        0.5631188119    0.3737623762    0.5631188119    1.0
        0.5643564356    0.3712871287    0.5643564356    1.0
        0.5655940594    0.3688118812    0.5655940594    1.0
        0.5668316832    0.3663366337    0.5668316832    1.0
        0.5680693069    0.3638613861    0.5680693069    1.0
        0.5693069307    0.3613861386    0.5693069307    1.0
        0.5705445545    0.3589108911    0.5705445545    1.0
        0.5717821782    0.3564356436    0.5717821782    1.0
        0.5730198020    0.3539603960    0.5730198020    1.0
        0.5742574257    0.3514851485    0.5742574257    1.0
        0.5754950495    0.3490099010    0.5754950495    1.0
        0.5767326733    0.3465346535    0.5767326733    1.0
        0.5779702970    0.3440594059    0.5779702970    1.0
        0.5792079208    0.3415841584    0.5792079208    1.0
        0.5804455446    0.3391089109    0.5804455446    1.0
        0.5816831683    0.3366336634    0.5816831683    1.0
        0.5829207921    0.3341584158    0.5829207921    1.0
        0.5841584158    0.3316831683    0.5841584158    1.0
        0.5853960396    0.3292079208    0.5853960396    1.0
        0.5866336634    0.3267326733    0.5866336634    1.0
        0.5878712871    0.3242574257    0.5878712871    1.0
        0.5891089109    0.3217821782    0.5891089109    1.0
        0.5903465347    0.3193069307    0.5903465347    1.0
        0.5915841584    0.3168316832    0.5915841584    1.0
        0.5928217822    0.3143564356    0.5928217822    1.0
        0.5940594059    0.3118811881    0.5940594059    1.0
        0.5952970297    0.3094059406    0.5952970297    1.0
        0.5965346535    0.3069306931    0.5965346535    1.0
        0.5977722772    0.3044554455    0.5977722772    1.0
        0.5990099010    0.3019801980    0.5990099010    1.0
        0.6002475248    0.2995049505    0.6002475248    1.0
        0.6014851485    0.2970297030    0.6014851485    1.0
        0.6027227723    0.2945544554    0.6027227723    1.0
        0.6039603960    0.2920792079    0.6039603960    1.0
        0.6051980198    0.2896039604    0.6051980198    1.0
        0.6064356436    0.2871287129    0.6064356436    1.0
        0.6076732673    0.2846534653    0.6076732673    1.0
        0.6089108911    0.2821782178    0.6089108911    1.0
        0.6101485149    0.2797029703    0.6101485149    1.0
        0.6113861386    0.2772277228    0.6113861386    1.0
        0.6126237624    0.2747524752    0.6126237624    1.0
        0.6138613861    0.2722772277    0.6138613861    1.0
        0.6150990099    0.2698019802    0.6150990099    1.0
        0.6163366337    0.2673267327    0.6163366337    1.0
        0.6175742574    0.2648514851    0.6175742574    1.0
        0.6188118812    0.2623762376    0.6188118812    1.0
        0.6200495050    0.2599009901    0.6200495050    1.0
        0.6212871287    0.2574257426    0.6212871287    1.0
        0.6225247525    0.2549504950    0.6225247525    1.0
        0.6237623762    0.2524752475    0.6237623762    1.0
        0.6250000000    0.2500000000    0.6250000000    1.0
        0.6228448276    0.2500000000    0.6271551724    1.0
        0.6206896552    0.2500000000    0.6293103448    1.0
        0.6185344828    0.2500000000    0.6314655172    1.0
        0.6163793103    0.2500000000    0.6336206897    1.0
        0.6142241379    0.2500000000    0.6357758621    1.0
        0.6120689655    0.2500000000    0.6379310345    1.0
        0.6099137931    0.2500000000    0.6400862069    1.0
        0.6077586207    0.2500000000    0.6422413793    1.0
        0.6056034483    0.2500000000    0.6443965517    1.0
        0.6034482759    0.2500000000    0.6465517241    1.0
        0.6012931034    0.2500000000    0.6487068966    1.0
        0.5991379310    0.2500000000    0.6508620690    1.0
        0.5969827586    0.2500000000    0.6530172414    1.0
        0.5948275862    0.2500000000    0.6551724138    1.0
        0.5926724138    0.2500000000    0.6573275862    1.0
        0.5905172414    0.2500000000    0.6594827586    1.0
        0.5883620690    0.2500000000    0.6616379310    1.0
        0.5862068966    0.2500000000    0.6637931034    1.0
        0.5840517241    0.2500000000    0.6659482759    1.0
        0.5818965517    0.2500000000    0.6681034483    1.0
        0.5797413793    0.2500000000    0.6702586207    1.0
        0.5775862069    0.2500000000    0.6724137931    1.0
        0.5754310345    0.2500000000    0.6745689655    1.0
        0.5732758621    0.2500000000    0.6767241379    1.0
        0.5711206897    0.2500000000    0.6788793103    1.0
        0.5689655172    0.2500000000    0.6810344828    1.0
        0.5668103448    0.2500000000    0.6831896552    1.0
        0.5646551724    0.2500000000    0.6853448276    1.0
        0.5625000000    0.2500000000    0.6875000000    1.0
        0.5603448276    0.2500000000    0.6896551724    1.0
        0.5581896552    0.2500000000    0.6918103448    1.0
        0.5560344828    0.2500000000    0.6939655172    1.0
        0.5538793103    0.2500000000    0.6961206897    1.0
        0.5517241379    0.2500000000    0.6982758621    1.0
        0.5495689655    0.2500000000    0.7004310345    1.0
        0.5474137931    0.2500000000    0.7025862069    1.0
        0.5452586207    0.2500000000    0.7047413793    1.0
        0.5431034483    0.2500000000    0.7068965517    1.0
        0.5409482759    0.2500000000    0.7090517241    1.0
        0.5387931034    0.2500000000    0.7112068966    1.0
        0.5366379310    0.2500000000    0.7133620690    1.0
        0.5344827586    0.2500000000    0.7155172414    1.0
        0.5323275862    0.2500000000    0.7176724138    1.0
        0.5301724138    0.2500000000    0.7198275862    1.0
        0.5280172414    0.2500000000    0.7219827586    1.0
        0.5258620690    0.2500000000    0.7241379310    1.0
        0.5237068966    0.2500000000    0.7262931034    1.0
        0.5215517241    0.2500000000    0.7284482759    1.0
        0.5193965517    0.2500000000    0.7306034483    1.0
        0.5172413793    0.2500000000    0.7327586207    1.0
        0.5150862069    0.2500000000    0.7349137931    1.0
        0.5129310345    0.2500000000    0.7370689655    1.0
        0.5107758621    0.2500000000    0.7392241379    1.0
        0.5086206897    0.2500000000    0.7413793103    1.0
        0.5064655172    0.2500000000    0.7435344828    1.0
        0.5043103448    0.2500000000    0.7456896552    1.0
        0.5021551724    0.2500000000    0.7478448276    1.0
        0.5000000000    0.2500000000    0.7500000000    1.0
        0.5000000000    0.2521551724    0.7478448276    1.0
        0.5000000000    0.2543103448    0.7456896552    1.0
        0.5000000000    0.2564655172    0.7435344828    1.0
        0.5000000000    0.2586206897    0.7413793103    1.0
        0.5000000000    0.2607758621    0.7392241379    1.0
        0.5000000000    0.2629310345    0.7370689655    1.0
        0.5000000000    0.2650862069    0.7349137931    1.0
        0.5000000000    0.2672413793    0.7327586207    1.0
        0.5000000000    0.2693965517    0.7306034483    1.0
        0.5000000000    0.2715517241    0.7284482759    1.0
        0.5000000000    0.2737068966    0.7262931034    1.0
        0.5000000000    0.2758620690    0.7241379310    1.0
        0.5000000000    0.2780172414    0.7219827586    1.0
        0.5000000000    0.2801724138    0.7198275862    1.0
        0.5000000000    0.2823275862    0.7176724138    1.0
        0.5000000000    0.2844827586    0.7155172414    1.0
        0.5000000000    0.2866379310    0.7133620690    1.0
        0.5000000000    0.2887931034    0.7112068966    1.0
        0.5000000000    0.2909482759    0.7090517241    1.0
        0.5000000000    0.2931034483    0.7068965517    1.0
        0.5000000000    0.2952586207    0.7047413793    1.0
        0.5000000000    0.2974137931    0.7025862069    1.0
        0.5000000000    0.2995689655    0.7004310345    1.0
        0.5000000000    0.3017241379    0.6982758621    1.0
        0.5000000000    0.3038793103    0.6961206897    1.0
        0.5000000000    0.3060344828    0.6939655172    1.0
        0.5000000000    0.3081896552    0.6918103448    1.0
        0.5000000000    0.3103448276    0.6896551724    1.0
        0.5000000000    0.3125000000    0.6875000000    1.0
        0.5000000000    0.3146551724    0.6853448276    1.0
        0.5000000000    0.3168103448    0.6831896552    1.0
        0.5000000000    0.3189655172    0.6810344828    1.0
        0.5000000000    0.3211206897    0.6788793103    1.0
        0.5000000000    0.3232758621    0.6767241379    1.0
        0.5000000000    0.3254310345    0.6745689655    1.0
        0.5000000000    0.3275862069    0.6724137931    1.0
        0.5000000000    0.3297413793    0.6702586207    1.0
        0.5000000000    0.3318965517    0.6681034483    1.0
        0.5000000000    0.3340517241    0.6659482759    1.0
        0.5000000000    0.3362068966    0.6637931034    1.0
        0.5000000000    0.3383620690    0.6616379310    1.0
        0.5000000000    0.3405172414    0.6594827586    1.0
        0.5000000000    0.3426724138    0.6573275862    1.0
        0.5000000000    0.3448275862    0.6551724138    1.0
        0.5000000000    0.3469827586    0.6530172414    1.0
        0.5000000000    0.3491379310    0.6508620690    1.0
        0.5000000000    0.3512931034    0.6487068966    1.0
        0.5000000000    0.3534482759    0.6465517241    1.0
        0.5000000000    0.3556034483    0.6443965517    1.0
        0.5000000000    0.3577586207    0.6422413793    1.0
        0.5000000000    0.3599137931    0.6400862069    1.0
        0.5000000000    0.3620689655    0.6379310345    1.0
        0.5000000000    0.3642241379    0.6357758621    1.0
        0.5000000000    0.3663793103    0.6336206897    1.0
        0.5000000000    0.3685344828    0.6314655172    1.0
        0.5000000000    0.3706896552    0.6293103448    1.0
        0.5000000000    0.3728448276    0.6271551724    1.0
        0.5000000000    0.3750000000    0.6250000000    1.0
        0.5000000000    0.3771551724    0.6228448276    1.0
        0.5000000000    0.3793103448    0.6206896552    1.0
        0.5000000000    0.3814655172    0.6185344828    1.0
        0.5000000000    0.3836206897    0.6163793103    1.0
        0.5000000000    0.3857758621    0.6142241379    1.0
        0.5000000000    0.3879310345    0.6120689655    1.0
        0.5000000000    0.3900862069    0.6099137931    1.0
        0.5000000000    0.3922413793    0.6077586207    1.0
        0.5000000000    0.3943965517    0.6056034483    1.0
        0.5000000000    0.3965517241    0.6034482759    1.0
        0.5000000000    0.3987068966    0.6012931034    1.0
        0.5000000000    0.4008620690    0.5991379310    1.0
        0.5000000000    0.4030172414    0.5969827586    1.0
        0.5000000000    0.4051724138    0.5948275862    1.0
        0.5000000000    0.4073275862    0.5926724138    1.0
        0.5000000000    0.4094827586    0.5905172414    1.0
        0.5000000000    0.4116379310    0.5883620690    1.0
        0.5000000000    0.4137931034    0.5862068966    1.0
        0.5000000000    0.4159482759    0.5840517241    1.0
        0.5000000000    0.4181034483    0.5818965517    1.0
        0.5000000000    0.4202586207    0.5797413793    1.0
        0.5000000000    0.4224137931    0.5775862069    1.0
        0.5000000000    0.4245689655    0.5754310345    1.0
        0.5000000000    0.4267241379    0.5732758621    1.0
        0.5000000000    0.4288793103    0.5711206897    1.0
        0.5000000000    0.4310344828    0.5689655172    1.0
        0.5000000000    0.4331896552    0.5668103448    1.0
        0.5000000000    0.4353448276    0.5646551724    1.0
        0.5000000000    0.4375000000    0.5625000000    1.0
        0.5000000000    0.4396551724    0.5603448276    1.0
        0.5000000000    0.4418103448    0.5581896552    1.0
        0.5000000000    0.4439655172    0.5560344828    1.0
        0.5000000000    0.4461206897    0.5538793103    1.0
        0.5000000000    0.4482758621    0.5517241379    1.0
        0.5000000000    0.4504310345    0.5495689655    1.0
        0.5000000000    0.4525862069    0.5474137931    1.0
        0.5000000000    0.4547413793    0.5452586207    1.0
        0.5000000000    0.4568965517    0.5431034483    1.0
        0.5000000000    0.4590517241    0.5409482759    1.0
        0.5000000000    0.4612068966    0.5387931034    1.0
        0.5000000000    0.4633620690    0.5366379310    1.0
        0.5000000000    0.4655172414    0.5344827586    1.0
        0.5000000000    0.4676724138    0.5323275862    1.0
        0.5000000000    0.4698275862    0.5301724138    1.0
        0.5000000000    0.4719827586    0.5280172414    1.0
        0.5000000000    0.4741379310    0.5258620690    1.0
        0.5000000000    0.4762931034    0.5237068966    1.0
        0.5000000000    0.4784482759    0.5215517241    1.0
        0.5000000000    0.4806034483    0.5193965517    1.0
        0.5000000000    0.4827586207    0.5172413793    1.0
        0.5000000000    0.4849137931    0.5150862069    1.0
        0.5000000000    0.4870689655    0.5129310345    1.0
        0.5000000000    0.4892241379    0.5107758621    1.0
        0.5000000000    0.4913793103    0.5086206897    1.0
        0.5000000000    0.4935344828    0.5064655172    1.0
        0.5000000000    0.4956896552    0.5043103448    1.0
        0.5000000000    0.4978448276    0.5021551724    1.0
        0.5000000000    0.5000000000    0.5000000000    1.0
        0.4987623762    0.4987623762    0.5024752475    1.0
        0.4975247525    0.4975247525    0.5049504950    1.0
        0.4962871287    0.4962871287    0.5074257426    1.0
        0.4950495050    0.4950495050    0.5099009901    1.0
        0.4938118812    0.4938118812    0.5123762376    1.0
        0.4925742574    0.4925742574    0.5148514851    1.0
        0.4913366337    0.4913366337    0.5173267327    1.0
        0.4900990099    0.4900990099    0.5198019802    1.0
        0.4888613861    0.4888613861    0.5222772277    1.0
        0.4876237624    0.4876237624    0.5247524752    1.0
        0.4863861386    0.4863861386    0.5272277228    1.0
        0.4851485149    0.4851485149    0.5297029703    1.0
        0.4839108911    0.4839108911    0.5321782178    1.0
        0.4826732673    0.4826732673    0.5346534653    1.0
        0.4814356436    0.4814356436    0.5371287129    1.0
        0.4801980198    0.4801980198    0.5396039604    1.0
        0.4789603960    0.4789603960    0.5420792079    1.0
        0.4777227723    0.4777227723    0.5445544554    1.0
        0.4764851485    0.4764851485    0.5470297030    1.0
        0.4752475248    0.4752475248    0.5495049505    1.0
        0.4740099010    0.4740099010    0.5519801980    1.0
        0.4727722772    0.4727722772    0.5544554455    1.0
        0.4715346535    0.4715346535    0.5569306931    1.0
        0.4702970297    0.4702970297    0.5594059406    1.0
        0.4690594059    0.4690594059    0.5618811881    1.0
        0.4678217822    0.4678217822    0.5643564356    1.0
        0.4665841584    0.4665841584    0.5668316832    1.0
        0.4653465347    0.4653465347    0.5693069307    1.0
        0.4641089109    0.4641089109    0.5717821782    1.0
        0.4628712871    0.4628712871    0.5742574257    1.0
        0.4616336634    0.4616336634    0.5767326733    1.0
        0.4603960396    0.4603960396    0.5792079208    1.0
        0.4591584158    0.4591584158    0.5816831683    1.0
        0.4579207921    0.4579207921    0.5841584158    1.0
        0.4566831683    0.4566831683    0.5866336634    1.0
        0.4554455446    0.4554455446    0.5891089109    1.0
        0.4542079208    0.4542079208    0.5915841584    1.0
        0.4529702970    0.4529702970    0.5940594059    1.0
        0.4517326733    0.4517326733    0.5965346535    1.0
        0.4504950495    0.4504950495    0.5990099010    1.0
        0.4492574257    0.4492574257    0.6014851485    1.0
        0.4480198020    0.4480198020    0.6039603960    1.0
        0.4467821782    0.4467821782    0.6064356436    1.0
        0.4455445545    0.4455445545    0.6089108911    1.0
        0.4443069307    0.4443069307    0.6113861386    1.0
        0.4430693069    0.4430693069    0.6138613861    1.0
        0.4418316832    0.4418316832    0.6163366337    1.0
        0.4405940594    0.4405940594    0.6188118812    1.0
        0.4393564356    0.4393564356    0.6212871287    1.0
        0.4381188119    0.4381188119    0.6237623762    1.0
        0.4368811881    0.4368811881    0.6262376238    1.0
        0.4356435644    0.4356435644    0.6287128713    1.0
        0.4344059406    0.4344059406    0.6311881188    1.0
        0.4331683168    0.4331683168    0.6336633663    1.0
        0.4319306931    0.4319306931    0.6361386139    1.0
        0.4306930693    0.4306930693    0.6386138614    1.0
        0.4294554455    0.4294554455    0.6410891089    1.0
        0.4282178218    0.4282178218    0.6435643564    1.0
        0.4269801980    0.4269801980    0.6460396040    1.0
        0.4257425743    0.4257425743    0.6485148515    1.0
        0.4245049505    0.4245049505    0.6509900990    1.0
        0.4232673267    0.4232673267    0.6534653465    1.0
        0.4220297030    0.4220297030    0.6559405941    1.0
        0.4207920792    0.4207920792    0.6584158416    1.0
        0.4195544554    0.4195544554    0.6608910891    1.0
        0.4183168317    0.4183168317    0.6633663366    1.0
        0.4170792079    0.4170792079    0.6658415842    1.0
        0.4158415842    0.4158415842    0.6683168317    1.0
        0.4146039604    0.4146039604    0.6707920792    1.0
        0.4133663366    0.4133663366    0.6732673267    1.0
        0.4121287129    0.4121287129    0.6757425743    1.0
        0.4108910891    0.4108910891    0.6782178218    1.0
        0.4096534653    0.4096534653    0.6806930693    1.0
        0.4084158416    0.4084158416    0.6831683168    1.0
        0.4071782178    0.4071782178    0.6856435644    1.0
        0.4059405941    0.4059405941    0.6881188119    1.0
        0.4047029703    0.4047029703    0.6905940594    1.0
        0.4034653465    0.4034653465    0.6930693069    1.0
        0.4022277228    0.4022277228    0.6955445545    1.0
        0.4009900990    0.4009900990    0.6980198020    1.0
        0.3997524752    0.3997524752    0.7004950495    1.0
        0.3985148515    0.3985148515    0.7029702970    1.0
        0.3972772277    0.3972772277    0.7054455446    1.0
        0.3960396040    0.3960396040    0.7079207921    1.0
        0.3948019802    0.3948019802    0.7103960396    1.0
        0.3935643564    0.3935643564    0.7128712871    1.0
        0.3923267327    0.3923267327    0.7153465347    1.0
        0.3910891089    0.3910891089    0.7178217822    1.0
        0.3898514851    0.3898514851    0.7202970297    1.0
        0.3886138614    0.3886138614    0.7227722772    1.0
        0.3873762376    0.3873762376    0.7252475248    1.0
        0.3861386139    0.3861386139    0.7277227723    1.0
        0.3849009901    0.3849009901    0.7301980198    1.0
        0.3836633663    0.3836633663    0.7326732673    1.0
        0.3824257426    0.3824257426    0.7351485149    1.0
        0.3811881188    0.3811881188    0.7376237624    1.0
        0.3799504950    0.3799504950    0.7400990099    1.0
        0.3787128713    0.3787128713    0.7425742574    1.0
        0.3774752475    0.3774752475    0.7450495050    1.0
        0.3762376238    0.3762376238    0.7475247525    1.0
        0.3750000000    0.3750000000    0.7500000000    1.0

