&input
    asr              = 'crystal'
    flfrc            = 'aiida.fc'
    flfrq            = 'aiida.freq'
    dos              = .false.
    q_in_cryst_coord = .true.
/

         802
        0.0000000000    0.0000000000    0.0000000000    1.0
        0.0037878788    0.0000000000    0.0037878788    1.0
        0.0075757576    0.0000000000    0.0075757576    1.0
        0.0113636364    0.0000000000    0.0113636364    1.0
        0.0151515152    0.0000000000    0.0151515152    1.0
        0.0189393939    0.0000000000    0.0189393939    1.0
        0.0227272727    0.0000000000    0.0227272727    1.0
        0.0265151515    0.0000000000    0.0265151515    1.0
        0.0303030303    0.0000000000    0.0303030303    1.0
        0.0340909091    0.0000000000    0.0340909091    1.0
        0.0378787879    0.0000000000    0.0378787879    1.0
        0.0416666667    0.0000000000    0.0416666667    1.0
        0.0454545455    0.0000000000    0.0454545455    1.0
        0.0492424242    0.0000000000    0.0492424242    1.0
        0.0530303030    0.0000000000    0.0530303030    1.0
        0.0568181818    0.0000000000    0.0568181818    1.0
        0.0606060606    0.0000000000    0.0606060606    1.0
        0.0643939394    0.0000000000    0.0643939394    1.0
        0.0681818182    0.0000000000    0.0681818182    1.0
        0.0719696970    0.0000000000    0.0719696970    1.0
        0.0757575758    0.0000000000    0.0757575758    1.0
        0.0795454545    0.0000000000    0.0795454545    1.0
        0.0833333333    0.0000000000    0.0833333333    1.0
        0.0871212121    0.0000000000    0.0871212121    1.0
        0.0909090909    0.0000000000    0.0909090909    1.0
        0.0946969697    0.0000000000    0.0946969697    1.0
        0.0984848485    0.0000000000    0.0984848485    1.0
        0.1022727273    0.0000000000    0.1022727273    1.0
        0.1060606061    0.0000000000    0.1060606061    1.0
        0.1098484848    0.0000000000    0.1098484848    1.0
        0.1136363636    0.0000000000    0.1136363636    1.0
        0.1174242424    0.0000000000    0.1174242424    1.0
        0.1212121212    0.0000000000    0.1212121212    1.0
        0.1250000000    0.0000000000    0.1250000000    1.0
        0.1287878788    0.0000000000    0.1287878788    1.0
        0.1325757576    0.0000000000    0.1325757576    1.0
        0.1363636364    0.0000000000    0.1363636364    1.0
        0.1401515152    0.0000000000    0.1401515152    1.0
        0.1439393939    0.0000000000    0.1439393939    1.0
        0.1477272727    0.0000000000    0.1477272727    1.0
        0.1515151515    0.0000000000    0.1515151515    1.0
        0.1553030303    0.0000000000    0.1553030303    1.0
        0.1590909091    0.0000000000    0.1590909091    1.0
        0.1628787879    0.0000000000    0.1628787879    1.0
        0.1666666667    0.0000000000    0.1666666667    1.0
        0.1704545455    0.0000000000    0.1704545455    1.0
        0.1742424242    0.0000000000    0.1742424242    1.0
        0.1780303030    0.0000000000    0.1780303030    1.0
        0.1818181818    0.0000000000    0.1818181818    1.0
        0.1856060606    0.0000000000    0.1856060606    1.0
        0.1893939394    0.0000000000    0.1893939394    1.0
        0.1931818182    0.0000000000    0.1931818182    1.0
        0.1969696970    0.0000000000    0.1969696970    1.0
        0.2007575758    0.0000000000    0.2007575758    1.0
        0.2045454545    0.0000000000    0.2045454545    1.0
        0.2083333333    0.0000000000    0.2083333333    1.0
        0.2121212121    0.0000000000    0.2121212121    1.0
        0.2159090909    0.0000000000    0.2159090909    1.0
        0.2196969697    0.0000000000    0.2196969697    1.0
        0.2234848485    0.0000000000    0.2234848485    1.0
        0.2272727273    0.0000000000    0.2272727273    1.0
        0.2310606061    0.0000000000    0.2310606061    1.0
        0.2348484848    0.0000000000    0.2348484848    1.0
        0.2386363636    0.0000000000    0.2386363636    1.0
        0.2424242424    0.0000000000    0.2424242424    1.0
        0.2462121212    0.0000000000    0.2462121212    1.0
        0.2500000000    0.0000000000    0.2500000000    1.0
        0.2537878788    0.0000000000    0.2537878788    1.0
        0.2575757576    0.0000000000    0.2575757576    1.0
        0.2613636364    0.0000000000    0.2613636364    1.0
        0.2651515152    0.0000000000    0.2651515152    1.0
        0.2689393939    0.0000000000    0.2689393939    1.0
        0.2727272727    0.0000000000    0.2727272727    1.0
        0.2765151515    0.0000000000    0.2765151515    1.0
        0.2803030303    0.0000000000    0.2803030303    1.0
        0.2840909091    0.0000000000    0.2840909091    1.0
        0.2878787879    0.0000000000    0.2878787879    1.0
        0.2916666667    0.0000000000    0.2916666667    1.0
        0.2954545455    0.0000000000    0.2954545455    1.0
        0.2992424242    0.0000000000    0.2992424242    1.0
        0.3030303030    0.0000000000    0.3030303030    1.0
        0.3068181818    0.0000000000    0.3068181818    1.0
        0.3106060606    0.0000000000    0.3106060606    1.0
        0.3143939394    0.0000000000    0.3143939394    1.0
        0.3181818182    0.0000000000    0.3181818182    1.0
        0.3219696970    0.0000000000    0.3219696970    1.0
        0.3257575758    0.0000000000    0.3257575758    1.0
        0.3295454545    0.0000000000    0.3295454545    1.0
        0.3333333333    0.0000000000    0.3333333333    1.0
        0.3371212121    0.0000000000    0.3371212121    1.0
        0.3409090909    0.0000000000    0.3409090909    1.0
        0.3446969697    0.0000000000    0.3446969697    1.0
        0.3484848485    0.0000000000    0.3484848485    1.0
        0.3522727273    0.0000000000    0.3522727273    1.0
        0.3560606061    0.0000000000    0.3560606061    1.0
        0.3598484848    0.0000000000    0.3598484848    1.0
        0.3636363636    0.0000000000    0.3636363636    1.0
        0.3674242424    0.0000000000    0.3674242424    1.0
        0.3712121212    0.0000000000    0.3712121212    1.0
        0.3750000000    0.0000000000    0.3750000000    1.0
        0.3787878788    0.0000000000    0.3787878788    1.0
        0.3825757576    0.0000000000    0.3825757576    1.0
        0.3863636364    0.0000000000    0.3863636364    1.0
        0.3901515152    0.0000000000    0.3901515152    1.0
        0.3939393939    0.0000000000    0.3939393939    1.0
        0.3977272727    0.0000000000    0.3977272727    1.0
        0.4015151515    0.0000000000    0.4015151515    1.0
        0.4053030303    0.0000000000    0.4053030303    1.0
        0.4090909091    0.0000000000    0.4090909091    1.0
        0.4128787879    0.0000000000    0.4128787879    1.0
        0.4166666667    0.0000000000    0.4166666667    1.0
        0.4204545455    0.0000000000    0.4204545455    1.0
        0.4242424242    0.0000000000    0.4242424242    1.0
        0.4280303030    0.0000000000    0.4280303030    1.0
        0.4318181818    0.0000000000    0.4318181818    1.0
        0.4356060606    0.0000000000    0.4356060606    1.0
        0.4393939394    0.0000000000    0.4393939394    1.0
        0.4431818182    0.0000000000    0.4431818182    1.0
        0.4469696970    0.0000000000    0.4469696970    1.0
        0.4507575758    0.0000000000    0.4507575758    1.0
        0.4545454545    0.0000000000    0.4545454545    1.0
        0.4583333333    0.0000000000    0.4583333333    1.0
        0.4621212121    0.0000000000    0.4621212121    1.0
        0.4659090909    0.0000000000    0.4659090909    1.0
        0.4696969697    0.0000000000    0.4696969697    1.0
        0.4734848485    0.0000000000    0.4734848485    1.0
        0.4772727273    0.0000000000    0.4772727273    1.0
        0.4810606061    0.0000000000    0.4810606061    1.0
        0.4848484848    0.0000000000    0.4848484848    1.0
        0.4886363636    0.0000000000    0.4886363636    1.0
        0.4924242424    0.0000000000    0.4924242424    1.0
        0.4962121212    0.0000000000    0.4962121212    1.0
        0.5000000000    0.0000000000    0.5000000000    1.0
        0.5000000000    0.0037878788    0.5037878788    1.0
        0.5000000000    0.0075757576    0.5075757576    1.0
        0.5000000000    0.0113636364    0.5113636364    1.0
        0.5000000000    0.0151515152    0.5151515152    1.0
        0.5000000000    0.0189393939    0.5189393939    1.0
        0.5000000000    0.0227272727    0.5227272727    1.0
        0.5000000000    0.0265151515    0.5265151515    1.0
        0.5000000000    0.0303030303    0.5303030303    1.0
        0.5000000000    0.0340909091    0.5340909091    1.0
        0.5000000000    0.0378787879    0.5378787879    1.0
        0.5000000000    0.0416666667    0.5416666667    1.0
        0.5000000000    0.0454545455    0.5454545455    1.0
        0.5000000000    0.0492424242    0.5492424242    1.0
        0.5000000000    0.0530303030    0.5530303030    1.0
        0.5000000000    0.0568181818    0.5568181818    1.0
        0.5000000000    0.0606060606    0.5606060606    1.0
        0.5000000000    0.0643939394    0.5643939394    1.0
        0.5000000000    0.0681818182    0.5681818182    1.0
        0.5000000000    0.0719696970    0.5719696970    1.0
        0.5000000000    0.0757575758    0.5757575758    1.0
        0.5000000000    0.0795454545    0.5795454545    1.0
        0.5000000000    0.0833333333    0.5833333333    1.0
        0.5000000000    0.0871212121    0.5871212121    1.0
        0.5000000000    0.0909090909    0.5909090909    1.0
        0.5000000000    0.0946969697    0.5946969697    1.0
        0.5000000000    0.0984848485    0.5984848485    1.0
        0.5000000000    0.1022727273    0.6022727273    1.0
        0.5000000000    0.1060606061    0.6060606061    1.0
        0.5000000000    0.1098484848    0.6098484848    1.0
        0.5000000000    0.1136363636    0.6136363636    1.0
        0.5000000000    0.1174242424    0.6174242424    1.0
        0.5000000000    0.1212121212    0.6212121212    1.0
        0.5000000000    0.1250000000    0.6250000000    1.0
        0.5000000000    0.1287878788    0.6287878788    1.0
        0.5000000000    0.1325757576    0.6325757576    1.0
        0.5000000000    0.1363636364    0.6363636364    1.0
        0.5000000000    0.1401515152    0.6401515152    1.0
        0.5000000000    0.1439393939    0.6439393939    1.0
        0.5000000000    0.1477272727    0.6477272727    1.0
        0.5000000000    0.1515151515    0.6515151515    1.0
        0.5000000000    0.1553030303    0.6553030303    1.0
        0.5000000000    0.1590909091    0.6590909091    1.0
        0.5000000000    0.1628787879    0.6628787879    1.0
        0.5000000000    0.1666666667    0.6666666667    1.0
        0.5000000000    0.1704545455    0.6704545455    1.0
        0.5000000000    0.1742424242    0.6742424242    1.0
        0.5000000000    0.1780303030    0.6780303030    1.0
        0.5000000000    0.1818181818    0.6818181818    1.0
        0.5000000000    0.1856060606    0.6856060606    1.0
        0.5000000000    0.1893939394    0.6893939394    1.0
        0.5000000000    0.1931818182    0.6931818182    1.0
        0.5000000000    0.1969696970    0.6969696970    1.0
        0.5000000000    0.2007575758    0.7007575758    1.0
        0.5000000000    0.2045454545    0.7045454545    1.0
        0.5000000000    0.2083333333    0.7083333333    1.0
        0.5000000000    0.2121212121    0.7121212121    1.0
        0.5000000000    0.2159090909    0.7159090909    1.0
        0.5000000000    0.2196969697    0.7196969697    1.0
        0.5000000000    0.2234848485    0.7234848485    1.0
        0.5000000000    0.2272727273    0.7272727273    1.0
        0.5000000000    0.2310606061    0.7310606061    1.0
        0.5000000000    0.2348484848    0.7348484848    1.0
        0.5000000000    0.2386363636    0.7386363636    1.0
        0.5000000000    0.2424242424    0.7424242424    1.0
        0.5000000000    0.2462121212    0.7462121212    1.0
        0.5000000000    0.2500000000    0.7500000000    1.0
        0.4973404255    0.2526595745    0.7500000000    1.0
        0.4946808511    0.2553191489    0.7500000000    1.0
        0.4920212766    0.2579787234    0.7500000000    1.0
        0.4893617021    0.2606382979    0.7500000000    1.0
        0.4867021277    0.2632978723    0.7500000000    1.0
        0.4840425532    0.2659574468    0.7500000000    1.0
        0.4813829787    0.2686170213    0.7500000000    1.0
        0.4787234043    0.2712765957    0.7500000000    1.0
        0.4760638298    0.2739361702    0.7500000000    1.0
        0.4734042553    0.2765957447    0.7500000000    1.0
        0.4707446809    0.2792553191    0.7500000000    1.0
        0.4680851064    0.2819148936    0.7500000000    1.0
        0.4654255319    0.2845744681    0.7500000000    1.0
        0.4627659574    0.2872340426    0.7500000000    1.0
        0.4601063830    0.2898936170    0.7500000000    1.0
        0.4574468085    0.2925531915    0.7500000000    1.0
        0.4547872340    0.2952127660    0.7500000000    1.0
        0.4521276596    0.2978723404    0.7500000000    1.0
        0.4494680851    0.3005319149    0.7500000000    1.0
        0.4468085106    0.3031914894    0.7500000000    1.0
        0.4441489362    0.3058510638    0.7500000000    1.0
        0.4414893617    0.3085106383    0.7500000000    1.0
        0.4388297872    0.3111702128    0.7500000000    1.0
        0.4361702128    0.3138297872    0.7500000000    1.0
        0.4335106383    0.3164893617    0.7500000000    1.0
        0.4308510638    0.3191489362    0.7500000000    1.0
        0.4281914894    0.3218085106    0.7500000000    1.0
        0.4255319149    0.3244680851    0.7500000000    1.0
        0.4228723404    0.3271276596    0.7500000000    1.0
        0.4202127660    0.3297872340    0.7500000000    1.0
        0.4175531915    0.3324468085    0.7500000000    1.0
        0.4148936170    0.3351063830    0.7500000000    1.0
        0.4122340426    0.3377659574    0.7500000000    1.0
        0.4095744681    0.3404255319    0.7500000000    1.0
        0.4069148936    0.3430851064    0.7500000000    1.0
        0.4042553191    0.3457446809    0.7500000000    1.0
        0.4015957447    0.3484042553    0.7500000000    1.0
        0.3989361702    0.3510638298    0.7500000000    1.0
        0.3962765957    0.3537234043    0.7500000000    1.0
        0.3936170213    0.3563829787    0.7500000000    1.0
        0.3909574468    0.3590425532    0.7500000000    1.0
        0.3882978723    0.3617021277    0.7500000000    1.0
        0.3856382979    0.3643617021    0.7500000000    1.0
        0.3829787234    0.3670212766    0.7500000000    1.0
        0.3803191489    0.3696808511    0.7500000000    1.0
        0.3776595745    0.3723404255    0.7500000000    1.0
        0.3750000000    0.3750000000    0.7500000000    1.0
        0.3723214286    0.3723214286    0.7446428571    1.0
        0.3696428571    0.3696428571    0.7392857143    1.0
        0.3669642857    0.3669642857    0.7339285714    1.0
        0.3642857143    0.3642857143    0.7285714286    1.0
        0.3616071429    0.3616071429    0.7232142857    1.0
        0.3589285714    0.3589285714    0.7178571429    1.0
        0.3562500000    0.3562500000    0.7125000000    1.0
        0.3535714286    0.3535714286    0.7071428571    1.0
        0.3508928571    0.3508928571    0.7017857143    1.0
        0.3482142857    0.3482142857    0.6964285714    1.0
        0.3455357143    0.3455357143    0.6910714286    1.0
        0.3428571429    0.3428571429    0.6857142857    1.0
        0.3401785714    0.3401785714    0.6803571429    1.0
        0.3375000000    0.3375000000    0.6750000000    1.0
        0.3348214286    0.3348214286    0.6696428571    1.0
        0.3321428571    0.3321428571    0.6642857143    1.0
        0.3294642857    0.3294642857    0.6589285714    1.0
        0.3267857143    0.3267857143    0.6535714286    1.0
        0.3241071429    0.3241071429    0.6482142857    1.0
        0.3214285714    0.3214285714    0.6428571429    1.0
        0.3187500000    0.3187500000    0.6375000000    1.0
        0.3160714286    0.3160714286    0.6321428571    1.0
        0.3133928571    0.3133928571    0.6267857143    1.0
        0.3107142857    0.3107142857    0.6214285714    1.0
        0.3080357143    0.3080357143    0.6160714286    1.0
        0.3053571429    0.3053571429    0.6107142857    1.0
        0.3026785714    0.3026785714    0.6053571429    1.0
        0.3000000000    0.3000000000    0.6000000000    1.0
        0.2973214286    0.2973214286    0.5946428571    1.0
        0.2946428571    0.2946428571    0.5892857143    1.0
        0.2919642857    0.2919642857    0.5839285714    1.0
        0.2892857143    0.2892857143    0.5785714286    1.0
        0.2866071429    0.2866071429    0.5732142857    1.0
        0.2839285714    0.2839285714    0.5678571429    1.0
        0.2812500000    0.2812500000    0.5625000000    1.0
        0.2785714286    0.2785714286    0.5571428571    1.0
        0.2758928571    0.2758928571    0.5517857143    1.0
        0.2732142857    0.2732142857    0.5464285714    1.0
        0.2705357143    0.2705357143    0.5410714286    1.0
        0.2678571429    0.2678571429    0.5357142857    1.0
        0.2651785714    0.2651785714    0.5303571429    1.0
        0.2625000000    0.2625000000    0.5250000000    1.0
        0.2598214286    0.2598214286    0.5196428571    1.0
        0.2571428571    0.2571428571    0.5142857143    1.0
        0.2544642857    0.2544642857    0.5089285714    1.0
        0.2517857143    0.2517857143    0.5035714286    1.0
        0.2491071429    0.2491071429    0.4982142857    1.0
        0.2464285714    0.2464285714    0.4928571429    1.0
        0.2437500000    0.2437500000    0.4875000000    1.0
        0.2410714286    0.2410714286    0.4821428571    1.0
        0.2383928571    0.2383928571    0.4767857143    1.0
        0.2357142857    0.2357142857    0.4714285714    1.0
        0.2330357143    0.2330357143    0.4660714286    1.0
        0.2303571429    0.2303571429    0.4607142857    1.0
        0.2276785714    0.2276785714    0.4553571429    1.0
        0.2250000000    0.2250000000    0.4500000000    1.0
        0.2223214286    0.2223214286    0.4446428571    1.0
        0.2196428571    0.2196428571    0.4392857143    1.0
        0.2169642857    0.2169642857    0.4339285714    1.0
        0.2142857143    0.2142857143    0.4285714286    1.0
        0.2116071429    0.2116071429    0.4232142857    1.0
        0.2089285714    0.2089285714    0.4178571429    1.0
        0.2062500000    0.2062500000    0.4125000000    1.0
        0.2035714286    0.2035714286    0.4071428571    1.0
        0.2008928571    0.2008928571    0.4017857143    1.0
        0.1982142857    0.1982142857    0.3964285714    1.0
        0.1955357143    0.1955357143    0.3910714286    1.0
        0.1928571429    0.1928571429    0.3857142857    1.0
        0.1901785714    0.1901785714    0.3803571429    1.0
        0.1875000000    0.1875000000    0.3750000000    1.0
        0.1848214286    0.1848214286    0.3696428571    1.0
        0.1821428571    0.1821428571    0.3642857143    1.0
        0.1794642857    0.1794642857    0.3589285714    1.0
        0.1767857143    0.1767857143    0.3535714286    1.0
        0.1741071429    0.1741071429    0.3482142857    1.0
        0.1714285714    0.1714285714    0.3428571429    1.0
        0.1687500000    0.1687500000    0.3375000000    1.0
        0.1660714286    0.1660714286    0.3321428571    1.0
        0.1633928571    0.1633928571    0.3267857143    1.0
        0.1607142857    0.1607142857    0.3214285714    1.0
        0.1580357143    0.1580357143    0.3160714286    1.0
        0.1553571429    0.1553571429    0.3107142857    1.0
        0.1526785714    0.1526785714    0.3053571429    1.0
        0.1500000000    0.1500000000    0.3000000000    1.0
        0.1473214286    0.1473214286    0.2946428571    1.0
        0.1446428571    0.1446428571    0.2892857143    1.0
        0.1419642857    0.1419642857    0.2839285714    1.0
        0.1392857143    0.1392857143    0.2785714286    1.0
        0.1366071429    0.1366071429    0.2732142857    1.0
        0.1339285714    0.1339285714    0.2678571429    1.0
        0.1312500000    0.1312500000    0.2625000000    1.0
        0.1285714286    0.1285714286    0.2571428571    1.0
        0.1258928571    0.1258928571    0.2517857143    1.0
        0.1232142857    0.1232142857    0.2464285714    1.0
        0.1205357143    0.1205357143    0.2410714286    1.0
        0.1178571429    0.1178571429    0.2357142857    1.0
        0.1151785714    0.1151785714    0.2303571429    1.0
        0.1125000000    0.1125000000    0.2250000000    1.0
        0.1098214286    0.1098214286    0.2196428571    1.0
        0.1071428571    0.1071428571    0.2142857143    1.0
        0.1044642857    0.1044642857    0.2089285714    1.0
        0.1017857143    0.1017857143    0.2035714286    1.0
        0.0991071429    0.0991071429    0.1982142857    1.0
        0.0964285714    0.0964285714    0.1928571429    1.0
        0.0937500000    0.0937500000    0.1875000000    1.0
        0.0910714286    0.0910714286    0.1821428571    1.0
        0.0883928571    0.0883928571    0.1767857143    1.0
        0.0857142857    0.0857142857    0.1714285714    1.0
        0.0830357143    0.0830357143    0.1660714286    1.0
        0.0803571429    0.0803571429    0.1607142857    1.0
        0.0776785714    0.0776785714    0.1553571429    1.0
        0.0750000000    0.0750000000    0.1500000000    1.0
        0.0723214286    0.0723214286    0.1446428571    1.0
        0.0696428571    0.0696428571    0.1392857143    1.0
        0.0669642857    0.0669642857    0.1339285714    1.0
        0.0642857143    0.0642857143    0.1285714286    1.0
        0.0616071429    0.0616071429    0.1232142857    1.0
        0.0589285714    0.0589285714    0.1178571429    1.0
        0.0562500000    0.0562500000    0.1125000000    1.0
        0.0535714286    0.0535714286    0.1071428571    1.0
        0.0508928571    0.0508928571    0.1017857143    1.0
        0.0482142857    0.0482142857    0.0964285714    1.0
        0.0455357143    0.0455357143    0.0910714286    1.0
        0.0428571429    0.0428571429    0.0857142857    1.0
        0.0401785714    0.0401785714    0.0803571429    1.0
        0.0375000000    0.0375000000    0.0750000000    1.0
        0.0348214286    0.0348214286    0.0696428571    1.0
        0.0321428571    0.0321428571    0.0642857143    1.0
        0.0294642857    0.0294642857    0.0589285714    1.0
        0.0267857143    0.0267857143    0.0535714286    1.0
        0.0241071429    0.0241071429    0.0482142857    1.0
        0.0214285714    0.0214285714    0.0428571429    1.0
        0.0187500000    0.0187500000    0.0375000000    1.0
        0.0160714286    0.0160714286    0.0321428571    1.0
        0.0133928571    0.0133928571    0.0267857143    1.0
        0.0107142857    0.0107142857    0.0214285714    1.0
        0.0080357143    0.0080357143    0.0160714286    1.0
        0.0053571429    0.0053571429    0.0107142857    1.0
        0.0026785714    0.0026785714    0.0053571429    1.0
        0.0000000000    0.0000000000    0.0000000000    1.0
        0.0043859649    0.0043859649    0.0043859649    1.0
        0.0087719298    0.0087719298    0.0087719298    1.0
        0.0131578947    0.0131578947    0.0131578947    1.0
        0.0175438596    0.0175438596    0.0175438596    1.0
        0.0219298246    0.0219298246    0.0219298246    1.0
        0.0263157895    0.0263157895    0.0263157895    1.0
        0.0307017544    0.0307017544    0.0307017544    1.0
        0.0350877193    0.0350877193    0.0350877193    1.0
        0.0394736842    0.0394736842    0.0394736842    1.0
        0.0438596491    0.0438596491    0.0438596491    1.0
        0.0482456140    0.0482456140    0.0482456140    1.0
        0.0526315789    0.0526315789    0.0526315789    1.0
        0.0570175439    0.0570175439    0.0570175439    1.0
        0.0614035088    0.0614035088    0.0614035088    1.0
        0.0657894737    0.0657894737    0.0657894737    1.0
        0.0701754386    0.0701754386    0.0701754386    1.0
        0.0745614035    0.0745614035    0.0745614035    1.0
        0.0789473684    0.0789473684    0.0789473684    1.0
        0.0833333333    0.0833333333    0.0833333333    1.0
        0.0877192982    0.0877192982    0.0877192982    1.0
        0.0921052632    0.0921052632    0.0921052632    1.0
        0.0964912281    0.0964912281    0.0964912281    1.0
        0.1008771930    0.1008771930    0.1008771930    1.0
        0.1052631579    0.1052631579    0.1052631579    1.0
        0.1096491228    0.1096491228    0.1096491228    1.0
        0.1140350877    0.1140350877    0.1140350877    1.0
        0.1184210526    0.1184210526    0.1184210526    1.0
        0.1228070175    0.1228070175    0.1228070175    1.0
        0.1271929825    0.1271929825    0.1271929825    1.0
        0.1315789474    0.1315789474    0.1315789474    1.0
        0.1359649123    0.1359649123    0.1359649123    1.0
        0.1403508772    0.1403508772    0.1403508772    1.0
        0.1447368421    0.1447368421    0.1447368421    1.0
        0.1491228070    0.1491228070    0.1491228070    1.0
        0.1535087719    0.1535087719    0.1535087719    1.0
        0.1578947368    0.1578947368    0.1578947368    1.0
        0.1622807018    0.1622807018    0.1622807018    1.0
        0.1666666667    0.1666666667    0.1666666667    1.0
        0.1710526316    0.1710526316    0.1710526316    1.0
        0.1754385965    0.1754385965    0.1754385965    1.0
        0.1798245614    0.1798245614    0.1798245614    1.0
        0.1842105263    0.1842105263    0.1842105263    1.0
        0.1885964912    0.1885964912    0.1885964912    1.0
        0.1929824561    0.1929824561    0.1929824561    1.0
        0.1973684211    0.1973684211    0.1973684211    1.0
        0.2017543860    0.2017543860    0.2017543860    1.0
        0.2061403509    0.2061403509    0.2061403509    1.0
        0.2105263158    0.2105263158    0.2105263158    1.0
        0.2149122807    0.2149122807    0.2149122807    1.0
        0.2192982456    0.2192982456    0.2192982456    1.0
        0.2236842105    0.2236842105    0.2236842105    1.0
        0.2280701754    0.2280701754    0.2280701754    1.0
        0.2324561404    0.2324561404    0.2324561404    1.0
        0.2368421053    0.2368421053    0.2368421053    1.0
        0.2412280702    0.2412280702    0.2412280702    1.0
        0.2456140351    0.2456140351    0.2456140351    1.0
        0.2500000000    0.2500000000    0.2500000000    1.0
        0.2543859649    0.2543859649    0.2543859649    1.0
        0.2587719298    0.2587719298    0.2587719298    1.0
        0.2631578947    0.2631578947    0.2631578947    1.0
        0.2675438596    0.2675438596    0.2675438596    1.0
        0.2719298246    0.2719298246    0.2719298246    1.0
        0.2763157895    0.2763157895    0.2763157895    1.0
        0.2807017544    0.2807017544    0.2807017544    1.0
        0.2850877193    0.2850877193    0.2850877193    1.0
        0.2894736842    0.2894736842    0.2894736842    1.0
        0.2938596491    0.2938596491    0.2938596491    1.0
        0.2982456140    0.2982456140    0.2982456140    1.0
        0.3026315789    0.3026315789    0.3026315789    1.0
        0.3070175439    0.3070175439    0.3070175439    1.0
        0.3114035088    0.3114035088    0.3114035088    1.0
        0.3157894737    0.3157894737    0.3157894737    1.0
        0.3201754386    0.3201754386    0.3201754386    1.0
        0.3245614035    0.3245614035    0.3245614035    1.0
        0.3289473684    0.3289473684    0.3289473684    1.0
        0.3333333333    0.3333333333    0.3333333333    1.0
        0.3377192982    0.3377192982    0.3377192982    1.0
        0.3421052632    0.3421052632    0.3421052632    1.0
        0.3464912281    0.3464912281    0.3464912281    1.0
        0.3508771930    0.3508771930    0.3508771930    1.0
        0.3552631579    0.3552631579    0.3552631579    1.0
        0.3596491228    0.3596491228    0.3596491228    1.0
        0.3640350877    0.3640350877    0.3640350877    1.0
        0.3684210526    0.3684210526    0.3684210526    1.0
        0.3728070175    0.3728070175    0.3728070175    1.0
        0.3771929825    0.3771929825    0.3771929825    1.0
        0.3815789474    0.3815789474    0.3815789474    1.0
        0.3859649123    0.3859649123    0.3859649123    1.0
        0.3903508772    0.3903508772    0.3903508772    1.0
        0.3947368421    0.3947368421    0.3947368421    1.0
        0.3991228070    0.3991228070    0.3991228070    1.0
        0.4035087719    0.4035087719    0.4035087719    1.0
        0.4078947368    0.4078947368    0.4078947368    1.0
        0.4122807018    0.4122807018    0.4122807018    1.0
        0.4166666667    0.4166666667    0.4166666667    1.0
        0.4210526316    0.4210526316    0.4210526316    1.0
        0.4254385965    0.4254385965    0.4254385965    1.0
        0.4298245614    0.4298245614    0.4298245614    1.0
        0.4342105263    0.4342105263    0.4342105263    1.0
        0.4385964912    0.4385964912    0.4385964912    1.0
        0.4429824561    0.4429824561    0.4429824561    1.0
        0.4473684211    0.4473684211    0.4473684211    1.0
        0.4517543860    0.4517543860    0.4517543860    1.0
        0.4561403509    0.4561403509    0.4561403509    1.0
        0.4605263158    0.4605263158    0.4605263158    1.0
        0.4649122807    0.4649122807    0.4649122807    1.0
        0.4692982456    0.4692982456    0.4692982456    1.0
        0.4736842105    0.4736842105    0.4736842105    1.0
        0.4780701754    0.4780701754    0.4780701754    1.0
        0.4824561404    0.4824561404    0.4824561404    1.0
        0.4868421053    0.4868421053    0.4868421053    1.0
        0.4912280702    0.4912280702    0.4912280702    1.0
        0.4956140351    0.4956140351    0.4956140351    1.0
        0.5000000000    0.5000000000    0.5000000000    1.0
        0.5015432099    0.4969135802    0.5015432099    1.0
        0.5030864198    0.4938271605    0.5030864198    1.0
        0.5046296296    0.4907407407    0.5046296296    1.0
        0.5061728395    0.4876543210    0.5061728395    1.0
        0.5077160494    0.4845679012    0.5077160494    1.0
        0.5092592593    0.4814814815    0.5092592593    1.0
        0.5108024691    0.4783950617    0.5108024691    1.0
        0.5123456790    0.4753086420    0.5123456790    1.0
        0.5138888889    0.4722222222    0.5138888889    1.0
        0.5154320988    0.4691358025    0.5154320988    1.0
        0.5169753086    0.4660493827    0.5169753086    1.0
        0.5185185185    0.4629629630    0.5185185185    1.0
        0.5200617284    0.4598765432    0.5200617284    1.0
        0.5216049383    0.4567901235    0.5216049383    1.0
        0.5231481481    0.4537037037    0.5231481481    1.0
        0.5246913580    0.4506172840    0.5246913580    1.0
        0.5262345679    0.4475308642    0.5262345679    1.0
        0.5277777778    0.4444444444    0.5277777778    1.0
        0.5293209877    0.4413580247    0.5293209877    1.0
        0.5308641975    0.4382716049    0.5308641975    1.0
        0.5324074074    0.4351851852    0.5324074074    1.0
        0.5339506173    0.4320987654    0.5339506173    1.0
        0.5354938272    0.4290123457    0.5354938272    1.0
        0.5370370370    0.4259259259    0.5370370370    1.0
        0.5385802469    0.4228395062    0.5385802469    1.0
        0.5401234568    0.4197530864    0.5401234568    1.0
        0.5416666667    0.4166666667    0.5416666667    1.0
        0.5432098765    0.4135802469    0.5432098765    1.0
        0.5447530864    0.4104938272    0.5447530864    1.0
        0.5462962963    0.4074074074    0.5462962963    1.0
        0.5478395062    0.4043209877    0.5478395062    1.0
        0.5493827160    0.4012345679    0.5493827160    1.0
        0.5509259259    0.3981481481    0.5509259259    1.0
        0.5524691358    0.3950617284    0.5524691358    1.0
        0.5540123457    0.3919753086    0.5540123457    1.0
        0.5555555556    0.3888888889    0.5555555556    1.0
        0.5570987654    0.3858024691    0.5570987654    1.0
        0.5586419753    0.3827160494    0.5586419753    1.0
        0.5601851852    0.3796296296    0.5601851852    1.0
        0.5617283951    0.3765432099    0.5617283951    1.0
        0.5632716049    0.3734567901    0.5632716049    1.0
        0.5648148148    0.3703703704    0.5648148148    1.0
        0.5663580247    0.3672839506    0.5663580247    1.0
        0.5679012346    0.3641975309    0.5679012346    1.0
        0.5694444444    0.3611111111    0.5694444444    1.0
        0.5709876543    0.3580246914    0.5709876543    1.0
        0.5725308642    0.3549382716    0.5725308642    1.0
        0.5740740741    0.3518518519    0.5740740741    1.0
        0.5756172840    0.3487654321    0.5756172840    1.0
        0.5771604938    0.3456790123    0.5771604938    1.0
        0.5787037037    0.3425925926    0.5787037037    1.0
        0.5802469136    0.3395061728    0.5802469136    1.0
        0.5817901235    0.3364197531    0.5817901235    1.0
        0.5833333333    0.3333333333    0.5833333333    1.0
        0.5848765432    0.3302469136    0.5848765432    1.0
        0.5864197531    0.3271604938    0.5864197531    1.0
        0.5879629630    0.3240740741    0.5879629630    1.0
        0.5895061728    0.3209876543    0.5895061728    1.0
        0.5910493827    0.3179012346    0.5910493827    1.0
        0.5925925926    0.3148148148    0.5925925926    1.0
        0.5941358025    0.3117283951    0.5941358025    1.0
        0.5956790123    0.3086419753    0.5956790123    1.0
        0.5972222222    0.3055555556    0.5972222222    1.0
        0.5987654321    0.3024691358    0.5987654321    1.0
        0.6003086420    0.2993827160    0.6003086420    1.0
        0.6018518519    0.2962962963    0.6018518519    1.0
        0.6033950617    0.2932098765    0.6033950617    1.0
        0.6049382716    0.2901234568    0.6049382716    1.0
        0.6064814815    0.2870370370    0.6064814815    1.0
        0.6080246914    0.2839506173    0.6080246914    1.0
        0.6095679012    0.2808641975    0.6095679012    1.0
        0.6111111111    0.2777777778    0.6111111111    1.0
        0.6126543210    0.2746913580    0.6126543210    1.0
        0.6141975309    0.2716049383    0.6141975309    1.0
        0.6157407407    0.2685185185    0.6157407407    1.0
        0.6172839506    0.2654320988    0.6172839506    1.0
        0.6188271605    0.2623456790    0.6188271605    1.0
        0.6203703704    0.2592592593    0.6203703704    1.0
        0.6219135802    0.2561728395    0.6219135802    1.0
        0.6234567901    0.2530864198    0.6234567901    1.0
        0.6250000000    0.2500000000    0.6250000000    1.0
        0.6223404255    0.2500000000    0.6276595745    1.0
        0.6196808511    0.2500000000    0.6303191489    1.0
        0.6170212766    0.2500000000    0.6329787234    1.0
        0.6143617021    0.2500000000    0.6356382979    1.0
        0.6117021277    0.2500000000    0.6382978723    1.0
        0.6090425532    0.2500000000    0.6409574468    1.0
        0.6063829787    0.2500000000    0.6436170213    1.0
        0.6037234043    0.2500000000    0.6462765957    1.0
        0.6010638298    0.2500000000    0.6489361702    1.0
        0.5984042553    0.2500000000    0.6515957447    1.0
        0.5957446809    0.2500000000    0.6542553191    1.0
        0.5930851064    0.2500000000    0.6569148936    1.0
        0.5904255319    0.2500000000    0.6595744681    1.0
        0.5877659574    0.2500000000    0.6622340426    1.0
        0.5851063830    0.2500000000    0.6648936170    1.0
        0.5824468085    0.2500000000    0.6675531915    1.0
        0.5797872340    0.2500000000    0.6702127660    1.0
        0.5771276596    0.2500000000    0.6728723404    1.0
        0.5744680851    0.2500000000    0.6755319149    1.0
        0.5718085106    0.2500000000    0.6781914894    1.0
        0.5691489362    0.2500000000    0.6808510638    1.0
        0.5664893617    0.2500000000    0.6835106383    1.0
        0.5638297872    0.2500000000    0.6861702128    1.0
        0.5611702128    0.2500000000    0.6888297872    1.0
        0.5585106383    0.2500000000    0.6914893617    1.0
        0.5558510638    0.2500000000    0.6941489362    1.0
        0.5531914894    0.2500000000    0.6968085106    1.0
        0.5505319149    0.2500000000    0.6994680851    1.0
        0.5478723404    0.2500000000    0.7021276596    1.0
        0.5452127660    0.2500000000    0.7047872340    1.0
        0.5425531915    0.2500000000    0.7074468085    1.0
        0.5398936170    0.2500000000    0.7101063830    1.0
        0.5372340426    0.2500000000    0.7127659574    1.0
        0.5345744681    0.2500000000    0.7154255319    1.0
        0.5319148936    0.2500000000    0.7180851064    1.0
        0.5292553191    0.2500000000    0.7207446809    1.0
        0.5265957447    0.2500000000    0.7234042553    1.0
        0.5239361702    0.2500000000    0.7260638298    1.0
        0.5212765957    0.2500000000    0.7287234043    1.0
        0.5186170213    0.2500000000    0.7313829787    1.0
        0.5159574468    0.2500000000    0.7340425532    1.0
        0.5132978723    0.2500000000    0.7367021277    1.0
        0.5106382979    0.2500000000    0.7393617021    1.0
        0.5079787234    0.2500000000    0.7420212766    1.0
        0.5053191489    0.2500000000    0.7446808511    1.0
        0.5026595745    0.2500000000    0.7473404255    1.0
        0.5000000000    0.2500000000    0.7500000000    1.0
        0.5000000000    0.2526881720    0.7473118280    1.0
        0.5000000000    0.2553763441    0.7446236559    1.0
        0.5000000000    0.2580645161    0.7419354839    1.0
        0.5000000000    0.2607526882    0.7392473118    1.0
        0.5000000000    0.2634408602    0.7365591398    1.0
        0.5000000000    0.2661290323    0.7338709677    1.0
        0.5000000000    0.2688172043    0.7311827957    1.0
        0.5000000000    0.2715053763    0.7284946237    1.0
        0.5000000000    0.2741935484    0.7258064516    1.0
        0.5000000000    0.2768817204    0.7231182796    1.0
        0.5000000000    0.2795698925    0.7204301075    1.0
        0.5000000000    0.2822580645    0.7177419355    1.0
        0.5000000000    0.2849462366    0.7150537634    1.0
        0.5000000000    0.2876344086    0.7123655914    1.0
        0.5000000000    0.2903225806    0.7096774194    1.0
        0.5000000000    0.2930107527    0.7069892473    1.0
        0.5000000000    0.2956989247    0.7043010753    1.0
        0.5000000000    0.2983870968    0.7016129032    1.0
        0.5000000000    0.3010752688    0.6989247312    1.0
        0.5000000000    0.3037634409    0.6962365591    1.0
        0.5000000000    0.3064516129    0.6935483871    1.0
        0.5000000000    0.3091397849    0.6908602151    1.0
        0.5000000000    0.3118279570    0.6881720430    1.0
        0.5000000000    0.3145161290    0.6854838710    1.0
        0.5000000000    0.3172043011    0.6827956989    1.0
        0.5000000000    0.3198924731    0.6801075269    1.0
        0.5000000000    0.3225806452    0.6774193548    1.0
        0.5000000000    0.3252688172    0.6747311828    1.0
        0.5000000000    0.3279569892    0.6720430108    1.0
        0.5000000000    0.3306451613    0.6693548387    1.0
        0.5000000000    0.3333333333    0.6666666667    1.0
        0.5000000000    0.3360215054    0.6639784946    1.0
        0.5000000000    0.3387096774    0.6612903226    1.0
        0.5000000000    0.3413978495    0.6586021505    1.0
        0.5000000000    0.3440860215    0.6559139785    1.0
        0.5000000000    0.3467741935    0.6532258065    1.0
        0.5000000000    0.3494623656    0.6505376344    1.0
        0.5000000000    0.3521505376    0.6478494624    1.0
        0.5000000000    0.3548387097    0.6451612903    1.0
        0.5000000000    0.3575268817    0.6424731183    1.0
        0.5000000000    0.3602150538    0.6397849462    1.0
        0.5000000000    0.3629032258    0.6370967742    1.0
        0.5000000000    0.3655913978    0.6344086022    1.0
        0.5000000000    0.3682795699    0.6317204301    1.0
        0.5000000000    0.3709677419    0.6290322581    1.0
        0.5000000000    0.3736559140    0.6263440860    1.0
        0.5000000000    0.3763440860    0.6236559140    1.0
        0.5000000000    0.3790322581    0.6209677419    1.0
        0.5000000000    0.3817204301    0.6182795699    1.0
        0.5000000000    0.3844086022    0.6155913978    1.0
        0.5000000000    0.3870967742    0.6129032258    1.0
        0.5000000000    0.3897849462    0.6102150538    1.0
        0.5000000000    0.3924731183    0.6075268817    1.0
        0.5000000000    0.3951612903    0.6048387097    1.0
        0.5000000000    0.3978494624    0.6021505376    1.0
        0.5000000000    0.4005376344    0.5994623656    1.0
        0.5000000000    0.4032258065    0.5967741935    1.0
        0.5000000000    0.4059139785    0.5940860215    1.0
        0.5000000000    0.4086021505    0.5913978495    1.0
        0.5000000000    0.4112903226    0.5887096774    1.0
        0.5000000000    0.4139784946    0.5860215054    1.0
        0.5000000000    0.4166666667    0.5833333333    1.0
        0.5000000000    0.4193548387    0.5806451613    1.0
        0.5000000000    0.4220430108    0.5779569892    1.0
        0.5000000000    0.4247311828    0.5752688172    1.0
        0.5000000000    0.4274193548    0.5725806452    1.0
        0.5000000000    0.4301075269    0.5698924731    1.0
        0.5000000000    0.4327956989    0.5672043011    1.0
        0.5000000000    0.4354838710    0.5645161290    1.0
        0.5000000000    0.4381720430    0.5618279570    1.0
        0.5000000000    0.4408602151    0.5591397849    1.0
        0.5000000000    0.4435483871    0.5564516129    1.0
        0.5000000000    0.4462365591    0.5537634409    1.0
        0.5000000000    0.4489247312    0.5510752688    1.0
        0.5000000000    0.4516129032    0.5483870968    1.0
        0.5000000000    0.4543010753    0.5456989247    1.0
        0.5000000000    0.4569892473    0.5430107527    1.0
        0.5000000000    0.4596774194    0.5403225806    1.0
        0.5000000000    0.4623655914    0.5376344086    1.0
        0.5000000000    0.4650537634    0.5349462366    1.0
        0.5000000000    0.4677419355    0.5322580645    1.0
        0.5000000000    0.4704301075    0.5295698925    1.0
        0.5000000000    0.4731182796    0.5268817204    1.0
        0.5000000000    0.4758064516    0.5241935484    1.0
        0.5000000000    0.4784946237    0.5215053763    1.0
        0.5000000000    0.4811827957    0.5188172043    1.0
        0.5000000000    0.4838709677    0.5161290323    1.0
        0.5000000000    0.4865591398    0.5134408602    1.0
        0.5000000000    0.4892473118    0.5107526882    1.0
        0.5000000000    0.4919354839    0.5080645161    1.0
        0.5000000000    0.4946236559    0.5053763441    1.0
        0.5000000000    0.4973118280    0.5026881720    1.0
        0.5000000000    0.5000000000    0.5000000000    1.0
        0.4984567901    0.4984567901    0.5030864198    1.0
        0.4969135802    0.4969135802    0.5061728395    1.0
        0.4953703704    0.4953703704    0.5092592593    1.0
        0.4938271605    0.4938271605    0.5123456790    1.0
        0.4922839506    0.4922839506    0.5154320988    1.0
        0.4907407407    0.4907407407    0.5185185185    1.0
        0.4891975309    0.4891975309    0.5216049383    1.0
        0.4876543210    0.4876543210    0.5246913580    1.0
        0.4861111111    0.4861111111    0.5277777778    1.0
        0.4845679012    0.4845679012    0.5308641975    1.0
        0.4830246914    0.4830246914    0.5339506173    1.0
        0.4814814815    0.4814814815    0.5370370370    1.0
        0.4799382716    0.4799382716    0.5401234568    1.0
        0.4783950617    0.4783950617    0.5432098765    1.0
        0.4768518519    0.4768518519    0.5462962963    1.0
        0.4753086420    0.4753086420    0.5493827160    1.0
        0.4737654321    0.4737654321    0.5524691358    1.0
        0.4722222222    0.4722222222    0.5555555556    1.0
        0.4706790123    0.4706790123    0.5586419753    1.0
        0.4691358025    0.4691358025    0.5617283951    1.0
        0.4675925926    0.4675925926    0.5648148148    1.0
        0.4660493827    0.4660493827    0.5679012346    1.0
        0.4645061728    0.4645061728    0.5709876543    1.0
        0.4629629630    0.4629629630    0.5740740741    1.0
        0.4614197531    0.4614197531    0.5771604938    1.0
        0.4598765432    0.4598765432    0.5802469136    1.0
        0.4583333333    0.4583333333    0.5833333333    1.0
        0.4567901235    0.4567901235    0.5864197531    1.0
        0.4552469136    0.4552469136    0.5895061728    1.0
        0.4537037037    0.4537037037    0.5925925926    1.0
        0.4521604938    0.4521604938    0.5956790123    1.0
        0.4506172840    0.4506172840    0.5987654321    1.0
        0.4490740741    0.4490740741    0.6018518519    1.0
        0.4475308642    0.4475308642    0.6049382716    1.0
        0.4459876543    0.4459876543    0.6080246914    1.0
        0.4444444444    0.4444444444    0.6111111111    1.0
        0.4429012346    0.4429012346    0.6141975309    1.0
        0.4413580247    0.4413580247    0.6172839506    1.0
        0.4398148148    0.4398148148    0.6203703704    1.0
        0.4382716049    0.4382716049    0.6234567901    1.0
        0.4367283951    0.4367283951    0.6265432099    1.0
        0.4351851852    0.4351851852    0.6296296296    1.0
        0.4336419753    0.4336419753    0.6327160494    1.0
        0.4320987654    0.4320987654    0.6358024691    1.0
        0.4305555556    0.4305555556    0.6388888889    1.0
        0.4290123457    0.4290123457    0.6419753086    1.0
        0.4274691358    0.4274691358    0.6450617284    1.0
        0.4259259259    0.4259259259    0.6481481481    1.0
        0.4243827160    0.4243827160    0.6512345679    1.0
        0.4228395062    0.4228395062    0.6543209877    1.0
        0.4212962963    0.4212962963    0.6574074074    1.0
        0.4197530864    0.4197530864    0.6604938272    1.0
        0.4182098765    0.4182098765    0.6635802469    1.0
        0.4166666667    0.4166666667    0.6666666667    1.0
        0.4151234568    0.4151234568    0.6697530864    1.0
        0.4135802469    0.4135802469    0.6728395062    1.0
        0.4120370370    0.4120370370    0.6759259259    1.0
        0.4104938272    0.4104938272    0.6790123457    1.0
        0.4089506173    0.4089506173    0.6820987654    1.0
        0.4074074074    0.4074074074    0.6851851852    1.0
        0.4058641975    0.4058641975    0.6882716049    1.0
        0.4043209877    0.4043209877    0.6913580247    1.0
        0.4027777778    0.4027777778    0.6944444444    1.0
        0.4012345679    0.4012345679    0.6975308642    1.0
        0.3996913580    0.3996913580    0.7006172840    1.0
        0.3981481481    0.3981481481    0.7037037037    1.0
        0.3966049383    0.3966049383    0.7067901235    1.0
        0.3950617284    0.3950617284    0.7098765432    1.0
        0.3935185185    0.3935185185    0.7129629630    1.0
        0.3919753086    0.3919753086    0.7160493827    1.0
        0.3904320988    0.3904320988    0.7191358025    1.0
        0.3888888889    0.3888888889    0.7222222222    1.0
        0.3873456790    0.3873456790    0.7253086420    1.0
        0.3858024691    0.3858024691    0.7283950617    1.0
        0.3842592593    0.3842592593    0.7314814815    1.0
        0.3827160494    0.3827160494    0.7345679012    1.0
        0.3811728395    0.3811728395    0.7376543210    1.0
        0.3796296296    0.3796296296    0.7407407407    1.0
        0.3780864198    0.3780864198    0.7438271605    1.0
        0.3765432099    0.3765432099    0.7469135802    1.0
        0.3750000000    0.3750000000    0.7500000000    1.0
    
